#if p_cubNq==2
const dfloat c_D[2][2] = {
{ -8.660254037844388e-01,8.660254037844388e-01},
{ -8.660254037844388e-01,8.660254037844388e-01}
};
#endif
#if p_cubNq==3
const dfloat c_D[3][3] = {
{ -1.936491673103709e+00,2.581988897471611e+00,-6.454972243679026e-01},
{ -6.454972243679031e-01,4.525071358092163e-16,6.454972243679027e-01},
{ 6.454972243679027e-01,-2.581988897471611e+00,1.936491673103708e+00}
};
#endif
#if p_cubNq==4
const dfloat c_D[4][4] = {
{ -3.332000236352281e+00,4.860154415685196e+00,-2.108782348495180e+00,5.806281691622645e-01},
{ -7.575576147992333e-01,-3.844143922232097e-01,1.470670231280717e+00,-3.286982242582740e-01},
{ 3.286982242582739e-01,-1.470670231280717e+00,3.844143922232095e-01,7.575576147992334e-01},
{ -5.806281691622641e-01,2.108782348495180e+00,-4.860154415685196e+00,3.332000236352281e+00}
};
#endif
#if p_cubNq==5
const dfloat c_D[5][5] = {
{ -5.067040595654539e+00,7.701952085172241e+00,-4.043543754387663e+00,1.960399115833278e+00,-5.517668509633162e-01},
{ -9.602560236319582e-01,-7.583532171678755e-01,2.402750652164300e+00,-9.285580266438336e-01,2.444166152793676e-01},
{ 3.011681597278315e-01,-1.435388242334742e+00,1.262167974425964e-15,1.435388242334740e+00,-3.011681597278306e-01},
{ -2.444166152793679e-01,9.285580266438352e-01,-2.402750652164301e+00,7.583532171678785e-01,9.602560236319555e-01},
{ 5.517668509633165e-01,-1.960399115833280e+00,4.043543754387667e+00,-7.701952085172239e+00,5.067040595654537e+00}
};
#endif
#if p_cubNq==6
const dfloat c_D[6][6] = {
{ -7.145327131771608e+00,1.110928369489405e+01,-6.402816680808855e+00,3.793561028968053e+00,-1.890911470859322e+00,5.362105595776783e-01},
{ -1.223325472251408e+00,-1.174852281034098e+00,3.488553796847059e+00,-1.638343894637413e+00,7.561901119888436e-01,-2.082222609129840e-01},
{ 3.244123181406702e-01,-1.605150401681950e+00,-2.530262787093281e-01,2.095388925791030e+00,-7.538333973657512e-01,1.922088338253287e-01},
{ -1.922088338253292e-01,7.538333973657541e-01,-2.095388925791034e+00,2.530262787093338e-01,1.605150401681945e+00,-3.244123181406695e-01},
{ 2.082222609129849e-01,-7.561901119888468e-01,1.638343894637418e+00,-3.488553796847059e+00,1.174852281034094e+00,1.223325472251409e+00},
{ -5.362105595776780e-01,1.890911470859330e+00,-3.793561028968061e+00,6.402816680808853e+00,-1.110928369489405e+01,7.145327131771603e+00}
};
#endif
#if p_cubNq==7
const dfloat c_D[7][7] = {
{ -9.568182337465757e+00,1.508303411865755e+01,-9.172567853813947e+00,6.010333806311428e+00,-3.677702697481981e+00,1.851895449194525e+00,-5.268104854018216e-01},
{ -1.538700050032437e+00,-1.647365679381668e+00,4.741330435251490e+00,-2.457069232590230e+00,1.387163356479284e+00,-6.742804749281588e-01,1.889216452017202e-01},
{ 3.693934530448182e-01,-1.871687025373811e+00,-4.858735179073487e-01,2.820674389670841e+00,-1.231996977918924e+00,5.475964377198165e-01,-1.481067592353911e-01},
{ -1.847014135806377e-01,7.401568549048141e-01,-2.152416541461877e+00,-8.384053974269786e-15,2.152416541461887e+00,-7.401568549048158e-01,1.847014135806379e-01},
{ 1.481067592353899e-01,-5.475964377198138e-01,1.231996977918917e+00,-2.820674389670840e+00,4.858735179073544e-01,1.871687025373809e+00,-3.693934530448163e-01},
{ -1.889216452017199e-01,6.742804749281572e-01,-1.387163356479280e+00,2.457069232590231e+00,-4.741330435251498e+00,1.647365679381676e+00,1.538700050032433e+00},
{ 5.268104854018230e-01,-1.851895449194527e+00,3.677702697481978e+00,-6.010333806311440e+00,9.172567853813973e+00,-1.508303411865755e+01,9.568182337465746e+00}
};
#endif
#if p_cubNq==8
const dfloat c_D[8][8] = {
{ -1.233617700739016e+01,1.962363182777440e+01,-1.234714284064271e+01,8.584781486527866e+00,-5.831065317519066e+00,3.612822620384686e+00,-1.827526892720913e+00,5.206761235858988e-01},
{ -1.903399269213866e+00,-2.180720939958538e+00,6.166016293603690e+00,-3.387036628665435e+00,2.119208563829787e+00,-1.264421785526866e+00,6.276152118553389e-01,-1.772614459241109e-01},
{ 4.284887942362614e-01,-2.206109949908643e+00,-7.260583322364265e-01,3.631663393943801e+00,-1.752386002797822e+00,9.514161078659371e-01,-4.523915197606116e-01,1.253775086575040e-01},
{ -1.930147883186554e-01,7.851103846579588e-01,-2.352848325643207e+00,-1.898218179097410e-01,2.725766481169760e+00,-1.135319556167891e+00,4.912296007186727e-01,-1.311019785068977e-01},
{ 1.311019785068983e-01,-4.912296007186729e-01,1.135319556167888e+00,-2.725766481169755e+00,1.898218179097348e-01,2.352848325643209e+00,-7.851103846579564e-01,1.930147883186546e-01},
{ -1.253775086575044e-01,4.523915197606125e-01,-9.514161078659362e-01,1.752386002797821e+00,-3.631663393943806e+00,7.260583322364398e-01,2.206109949908634e+00,-4.284887942362604e-01},
{ 1.772614459241089e-01,-6.276152118553397e-01,1.264421785526868e+00,-2.119208563829790e+00,3.387036628665443e+00,-6.166016293603695e+00,2.180720939958542e+00,1.903399269213861e+00},
{ -5.206761235859005e-01,1.827526892720920e+00,-3.612822620384695e+00,5.831065317519078e+00,-8.584781486527886e+00,1.234714284064272e+01,-1.962363182777438e+01,1.233617700739015e+01}
};
#endif
#if p_cubNq==9
const dfloat c_D[9][9] = {
{ -1.544959135849172e+01,2.473130086626485e+01,-1.592386114644575e+01,1.150485639046921e+01,-8.317162612305609e+00,5.731953832359281e+00,-3.572238100056592e+00,1.811185563493741e+00,-5.164434352874068e-01},
{ -2.316092360147001e+00,-2.777032345944471e+00,7.764816168647416e+00,-4.429730819535023e+00,2.947504352855346e+00,-1.953863314712999e+00,1.192844219528976e+00,-5.980638706122354e-01,1.696179699199932e-01},
{ 4.988980406533281e-01,-2.597680184472936e+00,-9.833208372446401e-01,4.535349788062876e+00,-2.323702892869143e+00,1.398481806078869e+00,-8.151667543409540e-01,3.990600324506156e-01,-1.119189983180160e-01},
{ -2.096393253110600e-01,8.619061400751797e-01,-2.637782135089943e+00,-3.623511228575266e-01,3.352228710952995e+00,-1.542003765916531e+00,8.133640174860155e-01,-3.801691020122863e-01,1.044465826731569e-01},
{ 1.282715436905586e-01,-4.854010043923289e-01,1.143858518955989e+00,-2.837247478170765e+00,-2.047805216953375e-15,2.837247478170770e+00,-1.143858518955992e+00,4.854010043923296e-01,-1.282715436905588e-01},
{ -1.044465826731571e-01,3.801691020122847e-01,-8.133640174860112e-01,1.542003765916526e+00,-3.352228710952990e+00,3.623511228575206e-01,2.637782135089948e+00,-8.619061400751800e-01,2.096393253110599e-01},
{ 1.119189983180164e-01,-3.990600324506146e-01,8.151667543409495e-01,-1.398481806078864e+00,2.323702892869138e+00,-4.535349788062876e+00,9.833208372446424e-01,2.597680184472935e+00,-4.988980406533260e-01},
{ -1.696179699199920e-01,5.980638706122334e-01,-1.192844219528972e+00,1.953863314712994e+00,-2.947504352855345e+00,4.429730819535028e+00,-7.764816168647428e+00,2.777032345944483e+00,2.316092360146998e+00},
{ 5.164434352874068e-01,-1.811185563493739e+00,3.572238100056591e+00,-5.731953832359276e+00,8.317162612305609e+00,-1.150485639046923e+01,1.592386114644578e+01,-2.473130086626485e+01,1.544959135849171e+01}
};
#endif
#if p_cubNq==10
const dfloat c_D[10][10] = {
{ -1.890857637430895e+01,3.040616677207318e+01,-1.990130782739118e+01,1.476423396898959e+01,-1.111885145792880e+01,8.170258889333290e+00,-5.670590455771260e+00,3.544920823561030e+00,-1.799650630048322e+00,5.133962914914280e-01},
{ -2.776105894393461e+00,-3.437355569204852e+00,9.538844565880771e+00,-5.586025495567151e+00,3.870261734047303e+00,-2.733736967052654e+00,1.857054203877053e+00,-1.146619462076206e+00,5.779923405076633e-01,-1.643094560184647e-01},
{ 5.793709957730089e-01,-3.041561131776954e+00,-1.261898660428509e+00,5.534686166475386e+00,-2.950218351752307e+00,1.889683906719852e+00,-1.223584808215754e+00,7.359331150601934e-01,-3.656117011555446e-01,1.032004693006279e-01},
{ -2.318354216710728e-01,9.607213262742580e-01,-2.985291471697434e+00,-5.336274802956024e-01,4.040181237739737e+00,-1.974199521942891e+00,1.153680926869499e+00,-6.599755041199018e-01,3.193883699828727e-01,-8.904246113946412e-02},
{ 1.321290416388208e-01,-5.037375639782228e-01,1.204252022008973e+00,-3.057527214433838e+00,-1.522487138263230e-01,3.358537162416500e+00,-1.494034155863658e+00,7.713516066610998e-01,-3.558121116786205e-01,9.708992705526942e-02},
{ -9.708992705526820e-02,3.558121116786168e-01,-7.713516066610949e-01,1.494034155863650e+00,-3.358537162416491e+00,1.522487138263124e-01,3.057527214433847e+00,-1.204252022008978e+00,5.037375639782282e-01,-1.321290416388233e-01},
{ 8.904246113946146e-02,-3.193883699828680e-01,6.599755041198964e-01,-1.153680926869491e+00,1.974199521942882e+00,-4.040181237739734e+00,5.336274802956029e-01,2.985291471697440e+00,-9.607213262742659e-01,2.318354216710753e-01},
{ -1.032004693006258e-01,3.656117011555395e-01,-7.359331150601847e-01,1.223584808215743e+00,-1.889683906719837e+00,2.950218351752293e+00,-5.534686166475371e+00,1.261898660428483e+00,3.041561131776975e+00,-5.793709957730148e-01},
{ 1.643094560184619e-01,-5.779923405076511e-01,1.146619462076185e+00,-1.857054203877026e+00,2.733736967052623e+00,-3.870261734047272e+00,5.586025495567124e+00,-9.538844565880762e+00,3.437355569204844e+00,2.776105894393474e+00},
{ -5.133962914914125e-01,1.799650630048273e+00,-3.544920823560950e+00,5.670590455771153e+00,-8.170258889333164e+00,1.111885145792866e+01,-1.476423396898944e+01,1.990130782739106e+01,-3.040616677207317e+01,1.890857637430899e+01}
};
#endif
#if p_cubNq==11
const dfloat c_D[11][11] = {
{ -2.271321937232154e+01,3.664830407865720e+01,-2.427867530885342e+01,1.835930784567718e+01,-1.422649901393411e+01,1.090675310599355e+01,-8.080094039817057e+00,5.629610564092911e+00,-3.525544761427831e+00,1.791184843070727e+00,-5.111279411376088e-01},
{ -3.283067117730984e+00,-4.162269296497124e+00,1.148871755894810e+01,-6.856445993512434e+00,4.886679872884685e+00,-3.599933966364751e+00,2.609030624553408e+00,-1.794208705489494e+00,1.114695287036893e+00,-5.636580779425445e-01,1.604598141142441e-01},
{ 6.692728794156246e-01,-3.535280788539979e+00,-1.563903052455009e+00,6.631107038816361e+00,-3.634196689904084e+00,2.426116778209983e+00,-1.674453594513598e+00,1.120301138258529e+00,-6.847889154353525e-01,3.430113773027946e-01,-9.718617115527062e-02},
{ -2.583851617230533e-01,1.077170487754078e+00,-3.385470739019516e+00,-7.105657342764693e-01,4.792856991452879e+00,-2.438336874049113e+00,1.516627100765264e+00,-9.632127304898380e-01,5.719628261560241e-01,-2.818761597850288e-01,7.922999321477420e-02},
{ 1.399570774894561e-01,-5.366422195960848e-01,1.296961295914984e+00,-3.350271725289774e+00,-2.906606750636482e-01,3.926051286017769e+00,-1.854990523626573e+00,1.060142813057692e+00,-5.975740140655907e-01,2.865168215997740e-01,-7.949013643800584e-02},
{ -9.581284903864011e-02,3.530180628848685e-01,-7.731463924817517e-01,1.521986193215410e+00,-3.505802234422296e+00,1.338969607473769e-14,3.505802234422281e+00,-1.521986193215408e+00,7.731463924817527e-01,-3.530180628848698e-01,9.581284903864049e-02},
{ 7.949013643800606e-02,-2.865168215997737e-01,5.975740140655913e-01,-1.060142813057695e+00,1.854990523626580e+00,-3.926051286017769e+00,2.906606750636385e-01,3.350271725289778e+00,-1.296961295914987e+00,5.366422195960872e-01,-1.399570774894570e-01},
{ -7.922999321477464e-02,2.818761597850285e-01,-5.719628261560243e-01,9.632127304898394e-01,-1.516627100765269e+00,2.438336874049113e+00,-4.792856991452872e+00,7.105657342764642e-01,3.385470739019520e+00,-1.077170487754080e+00,2.583851617230544e-01},
{ 9.718617115527017e-02,-3.430113773027925e-01,6.847889154353489e-01,-1.120301138258529e+00,1.674453594513602e+00,-2.426116778209979e+00,3.634196689904074e+00,-6.631107038816352e+00,1.563903052454996e+00,3.535280788539986e+00,-6.692728794156237e-01},
{ -1.604598141142430e-01,5.636580779425393e-01,-1.114695287036888e+00,1.794208705489492e+00,-2.609030624553407e+00,3.599933966364737e+00,-4.886679872884665e+00,6.856445993512422e+00,-1.148871755894810e+01,4.162269296497135e+00,3.283067117730981e+00},
{ 5.111279411376035e-01,-1.791184843070705e+00,3.525544761427810e+00,-5.629610564092897e+00,8.080094039817061e+00,-1.090675310599353e+01,1.422649901393407e+01,-1.835930784567717e+01,2.427867530885344e+01,-3.664830407865723e+01,2.271321937232155e+01}
};
#endif
#if p_cubNq==12
const dfloat c_D[12][12] = {
{ -2.686357374861171e+01,4.345775921932029e+01,-2.905547418840264e+01,2.228789114987257e+01,-1.763430354279154e+01,1.392904517763852e+01,-1.077691074699266e+01,8.020415709703508e+00,-5.600712510073300e+00,3.511248203393345e+00,-1.784777604713352e+00,5.093928816569913e-01},
{ -3.836755246488341e+00,-4.952113807536514e+00,1.361479959615465e+01,-8.241320111399194e+00,5.996352743992794e+00,-4.550265989507965e+00,3.443072223688135e+00,-2.528213938816728e+00,1.750558415736110e+00,-1.091566836121061e+00,5.530256130794632e-01,-1.575726627813467e-01},
{ 7.682504445358964e-01,-4.077456527741155e+00,-1.890492119508359e+00,7.825383191336750e+00,-4.376929384625486e+00,3.008579967414336e+00,-2.166753274517042e+00,1.546791142335749e+00,-1.052736281911466e+00,6.494327357977396e-01,-3.269101605186064e-01,9.284026740164220e-02},
{ -2.886713911641252e-01,1.209023616484368e+00,-3.833235730011737e+00,-8.965897591928506e-01,5.611703438163877e+00,-2.937697262790662e+00,1.905076007392582e+00,-1.289528975320760e+00,8.513276264597166e-01,-5.156790704601157e-01,2.568115833448785e-01,-7.254008290517097e-02},
{ 1.505525813505521e-01,-5.798561941536764e-01,1.413268181926972e+00,-3.699046909199136e+00,-4.253862657062266e-01,4.542957436889303e+00,-2.235228633321833e+00,1.359318061019224e+00,-8.500143001219838e-01,4.994439054073628e-01,-2.444820335223281e-01,6.847416943177083e-02},
{ -9.790370989170739e-02,3.622578623856177e-01,-7.997688939110750e-01,1.594226681936099e+00,-3.740128949425786e+00,-1.272287893469674e-01,3.992544848399699e+00,-1.840220481087494e+00,1.033844787402107e+00,-5.759866410424886e-01,2.741114446207213e-01,-7.574816003872524e-02},
{ 7.574816003872605e-02,-2.741114446207196e-01,5.759866410424845e-01,-1.033844787402100e+00,1.840220481087489e+00,-3.992544848399696e+00,1.272287893469638e-01,3.740128949425791e+00,-1.594226681936106e+00,7.997688939110783e-01,-3.622578623856194e-01,9.790370989170875e-02},
{ -6.847416943176862e-02,2.444820335223251e-01,-4.994439054073584e-01,8.500143001219767e-01,-1.359318061019216e+00,2.235228633321825e+00,-4.542957436889293e+00,4.253862657062124e-01,3.699046909199148e+00,-1.413268181926977e+00,5.798561941536792e-01,-1.505525813505525e-01},
{ 7.254008290517028e-02,-2.568115833448757e-01,5.156790704601096e-01,-8.513276264597078e-01,1.289528975320751e+00,-1.905076007392573e+00,2.937697262790651e+00,-5.611703438163867e+00,8.965897591928397e-01,3.833235730011745e+00,-1.209023616484370e+00,2.886713911641259e-01},
{ -9.284026740163942e-02,3.269101605186036e-01,-6.494327357977322e-01,1.052736281911457e+00,-1.546791142335739e+00,2.166753274517029e+00,-3.008579967414323e+00,4.376929384625475e+00,-7.825383191336749e+00,1.890492119508355e+00,4.077456527741164e+00,-7.682504445359014e-01},
{ 1.575726627813423e-01,-5.530256130794525e-01,1.091566836121044e+00,-1.750558415736089e+00,2.528213938816700e+00,-3.443072223688104e+00,4.550265989507933e+00,-5.996352743992768e+00,8.241320111399180e+00,-1.361479959615463e+01,4.952113807536501e+00,3.836755246488345e+00},
{ -5.093928816569822e-01,1.784777604713341e+00,-3.511248203393312e+00,5.600712510073241e+00,-8.020415709703435e+00,1.077691074699258e+01,-1.392904517763845e+01,1.763430354279148e+01,-2.228789114987253e+01,2.905547418840262e+01,-4.345775921932032e+01,2.686357374861176e+01}
};
#endif
#if p_cubNq==13
const dfloat c_D[13][13] = {
{ -3.135967366643347e+01,5.083456231181062e+01,-3.423139336823537e+01,2.654859221977765e+01,-2.133858526578766e+01,1.722935369822144e+01,-1.374642703137280e+01,1.069137807158008e+01,-7.978687973412647e+00,5.579479355273741e+00,-3.500368663016606e+00,1.779805882419766e+00,-5.080355708247405e-01},
{ -4.437032371497986e+00,-5.807100473056290e+00,1.591731807891887e+01,-9.740860017426495e+00,7.199055145868580e+00,-5.583457666591261e+00,4.355919261957253e+00,-3.341836265770851e+00,2.472102560573588e+00,-1.718751529181573e+00,1.074195793528608e+00,-5.449006890415193e-01,1.553481717190731e-01},
{ 8.760931085164583e-01,-4.667260842241157e+00,-2.242348561636867e+00,9.117961336672600e+00,-5.179198612769088e+00,3.637620614358351e+00,-2.700117847856348e+00,2.013026917012579e+00,-1.462876375036595e+00,1.005481001078663e+00,-6.237695438289491e-01,3.149746671630744e-01,-8.958586143272340e-02},
{ -3.223507705052295e-01,1.355036548825231e+00,-4.325728671512745e+00,-1.093570308509685e+00,6.497442583331667e+00,-3.474105775016822e+00,2.320801734444340e+00,-1.639482621997812e+00,1.154678631812157e+00,-7.783926429123954e-01,4.770186924936609e-01,-2.390929688162776e-01,6.774556836390960e-02},
{ 1.633077542149610e-01,-6.312235241716204e-01,1.548738386275721e+00,-4.095400873319614e+00,-5.614199959045091e-01,5.210474317155057e+00,-2.638948277827933e+00,1.673261711304842e+00,-1.114845220674179e+00,7.278051043126285e-01,-4.374446638924567e-01,2.167575131431601e-01,-6.106223061605775e-02},
{ -1.021657843447355e-01,3.793204053069177e-01,-8.428071324746875e-01,1.696650182923245e+00,-4.037128402476873e+00,-2.433847310183128e-01,4.520553087343277e+00,-2.169589749572489e+00,1.296460162416492e+00,-8.006746687206421e-01,4.664019762877326e-01,-2.270325598394739e-01,6.339721416954922e-02},
{ 7.510319318152307e-02,-2.726558901227321e-01,5.764021657313689e-01,-1.044285856129311e+00,1.883901820285866e+00,-4.165082980336289e+00,-1.057102328945130e-15,4.165082980336281e+00,-1.883901820285853e+00,1.044285856129306e+00,-5.764021657313652e-01,2.726558901227297e-01,-7.510319318152180e-02},
{ -6.339721416955127e-02,2.270325598394767e-01,-4.664019762877368e-01,8.006746687206490e-01,-1.296460162416506e+00,2.169589749572504e+00,-4.520553087343301e+00,2.433847310183521e-01,4.037128402476850e+00,-1.696650182923240e+00,8.428071324746844e-01,-3.793204053069154e-01,1.021657843447340e-01},
{ 6.106223061605887e-02,-2.167575131431634e-01,4.374446638924621e-01,-7.278051043126359e-01,1.114845220674192e+00,-1.673261711304855e+00,2.638948277827947e+00,-5.210474317155055e+00,5.614199959044937e-01,4.095400873319618e+00,-1.548738386275721e+00,6.312235241716199e-01,-1.633077542149612e-01},
{ -6.774556836390960e-02,2.390929688162813e-01,-4.770186924936668e-01,7.783926429124016e-01,-1.154678631812170e+00,1.639482621997827e+00,-2.320801734444353e+00,3.474105775016822e+00,-6.497442583331662e+00,1.093570308509689e+00,4.325728671512739e+00,-1.355036548825227e+00,3.223507705052281e-01},
{ 8.958586143272584e-02,-3.149746671630789e-01,6.237695438289570e-01,-1.005481001078674e+00,1.462876375036607e+00,-2.013026917012595e+00,2.700117847856364e+00,-3.637620614358356e+00,5.179198612769087e+00,-9.117961336672602e+00,2.242348561636873e+00,4.667260842241149e+00,-8.760931085164574e-01},
{ -1.553481717190719e-01,5.449006890415266e-01,-1.074195793528621e+00,1.718751529181589e+00,-2.472102560573621e+00,3.341836265770891e+00,-4.355919261957283e+00,5.583457666591269e+00,-7.199055145868584e+00,9.740860017426517e+00,-1.591731807891888e+01,5.807100473056290e+00,4.437032371497980e+00},
{ 5.080355708247382e-01,-1.779805882419782e+00,3.500368663016651e+00,-5.579479355273810e+00,7.978687973412766e+00,-1.069137807158021e+01,1.374642703137287e+01,-1.722935369822142e+01,2.133858526578763e+01,-2.654859221977766e+01,3.423139336823534e+01,-5.083456231181054e+01,3.135967366643342e+01}
};
#endif
#if p_cubNq==14
const dfloat c_D[14][14] = {
{ -3.620154181773982e+01,5.877873357001366e+01,-3.980622720727229e+01,3.114049004070324e+01,-2.533691293859317e+01,2.080256509070064e+01,-1.697916054067125e+01,1.362611778512091e+01,-1.063192733389453e+01,7.948264582536493e+00,-5.563368078405301e+00,3.491880800690144e+00,-1.775867423975853e+00,5.069534707871316e-01},
{ -5.083808571331648e+00,-6.727366514103726e+00,1.839642114516916e+01,-1.135520764673373e+01,8.494653347325984e+00,-6.698716416367973e+00,5.345562008309503e+00,-4.231003214619173e+00,3.271762832104269e+00,-2.431193464540774e+00,1.694726835633297e+00,-1.060775212554693e+00,5.385407299939172e-01,-1.535958582844131e-01},
{ 9.926684125579616e-01,-5.304171575063344e+00,-2.619898004292840e+00,1.050911608383711e+01,-6.041501805640608e+00,4.313613028551082e+00,-3.274411231721480e+00,2.517792214252410e+00,-1.911954056150715e+00,1.403897903013791e+00,-9.708282178999365e-01,6.044477818048813e-01,-3.058493652414499e-01,8.707883199313668e-02},
{ -3.592184257308720e-01,1.514465131301731e+00,-4.861229973466714e+00,-1.302607711702517e+00,7.450465512865557e+00,-4.048648675830290e+00,2.764925845922920e+00,-2.013647222012831e+00,1.481146490353292e+00,-1.065917346649217e+00,7.274918691863952e-01,-4.490786089232446e-01,2.260288653009543e-01,-6.417575061516310e-02},
{ 1.778851221722569e-01,-6.895450158075915e-01,1.700895577407071e+00,-4.534570656289889e+00,-7.014777652842340e-01,5.929108445082805e+00,-3.068427356257258e+00,2.004551683032155e+00,-1.393777024861222e+00,9.704052853668219e-01,-6.487483921372988e-01,3.952467136793350e-01,-1.973497054433409e-01,5.580308934038822e-02},
{ -1.079961359367937e-01,4.020813743110108e-01,-8.980061781224409e-01,1.822083422090563e+00,-4.384244782367551e+00,-3.552927949503761e-01,5.090599816544552e+00,-2.515194445593182e+00,1.566846191765717e+00,-1.030620321019654e+00,6.665859850649779e-01,-3.980298054891378e-01,1.963831298691438e-01,-5.519545616682872e-02},
{ 7.636043189736411e-02,-2.779563299717549e-01,5.905167186206014e-01,-1.077959605889319e+00,1.965540876907218e+00,-4.409910664596058e+00,-1.093314891739502e-01,4.627275344456462e+00,-2.178875419180592e+00,1.284054603684263e+00,-7.850591613665959e-01,4.540658736218569e-01,-2.200019612168254e-01,6.128078220733098e-02},
{ -6.128078220733121e-02,2.200019612168248e-01,-4.540658736218559e-01,7.850591613665955e-01,-1.284054603684262e+00,2.178875419180588e+00,-4.627275344456456e+00,1.093314891739432e-01,4.409910664596067e+00,-1.965540876907221e+00,1.077959605889319e+00,-5.905167186206006e-01,2.779563299717537e-01,-7.636043189736400e-02},
{ 5.519545616682976e-02,-1.963831298691450e-01,3.980298054891380e-01,-6.665859850649765e-01,1.030620321019650e+00,-1.566846191765710e+00,2.515194445593176e+00,-5.090599816544547e+00,3.552927949503658e-01,4.384244782367554e+00,-1.822083422090559e+00,8.980061781224390e-01,-4.020813743110082e-01,1.079961359367949e-01},
{ -5.580308934038813e-02,1.973497054433424e-01,-3.952467136793369e-01,6.487483921372992e-01,-9.704052853668205e-01,1.393777024861220e+00,-2.004551683032153e+00,3.068427356257261e+00,-5.929108445082828e+00,7.014777652842719e-01,4.534570656289871e+00,-1.700895577407071e+00,6.895450158075890e-01,-1.778851221722569e-01},
{ 6.417575061516323e-02,-2.260288653009552e-01,4.490786089232447e-01,-7.274918691863957e-01,1.065917346649218e+00,-1.481146490353290e+00,2.013647222012831e+00,-2.764925845922922e+00,4.048648675830297e+00,-7.450465512865538e+00,1.302607711702469e+00,4.861229973466735e+00,-1.514465131301730e+00,3.592184257308728e-01},
{ -8.707883199313793e-02,3.058493652414506e-01,-6.044477818048782e-01,9.708282178999365e-01,-1.403897903013789e+00,1.911954056150710e+00,-2.517792214252407e+00,3.274411231721482e+00,-4.313613028551091e+00,6.041501805640604e+00,-1.050911608383714e+01,2.619898004292903e+00,5.304171575063313e+00,-9.926684125579581e-01},
{ 1.535958582844135e-01,-5.385407299939183e-01,1.060775212554686e+00,-1.694726835633303e+00,2.431193464540784e+00,-3.271762832104273e+00,4.231003214619186e+00,-5.345562008309523e+00,6.698716416368010e+00,-8.494653347326013e+00,1.135520764673377e+01,-1.839642114516915e+01,6.727366514103648e+00,5.083808571331684e+00},
{ -5.069534707871313e-01,1.775867423975847e+00,-3.491880800690122e+00,5.563368078405306e+00,-7.948264582536494e+00,1.063192733389449e+01,-1.362611778512089e+01,1.697916054067126e+01,-2.080256509070069e+01,2.533691293859316e+01,-3.114049004070323e+01,3.980622720727223e+01,-5.877873357001358e+01,3.620154181773983e+01}
};
#endif
#if p_cubNq==15
const dfloat c_D[15][15] = {
{ -4.138919375805648e+01,6.729028696336295e+01,-4.577983525836606e+01,3.606295486642926e+01,-2.962762555903556e+01,2.464519648687645e+01,-2.046869904658545e+01,1.681372522520004e+01,-1.354265174944035e+01,1.058886322144685e+01,-7.925338347066512e+00,5.550822671551741e+00,-3.485121549671978e+00,1.772692540293917e+00,-5.060767069388161e-01},
{ -5.777023097369748e+00,-7.713004311653004e+00,2.105220879618719e+01,-1.308446074984389e+01,9.883063547313910e+00,-7.895525117515303e+00,6.410693005478693e+00,-5.193105851533364e+00,4.144851272547692e+00,-3.220785691878870e+00,2.400257833771531e+00,-1.676064523931198e+00,1.050167509619723e+00,-5.334622790467950e-01,1.521896578534281e-01},
{ 1.117889367511101e+00,-5.987844936594558e+00,-3.023417968499415e+00,1.199902439977988e+01,-6.964168273351111e+00,5.036817327326014e+00,-3.889585817008052e+00,3.060400488092823e+00,-2.398140821162950e+00,1.840848942000290e+00,-1.360439676678693e+00,9.445011387786204e-01,-5.894790370402735e-01,2.986974082354492e-01,-8.510254138911977e-02},
{ -3.991452490558682e-01,1.686839496298806e+00,-5.438648514816385e+00,-1.524387296869582e+00,8.470998327505203e+00,-4.662008327979165e+00,3.238181552080966e+00,-2.412477977913325e+00,1.830457524098862e+00,-1.376494901975599e+00,1.003433072595241e+00,-6.902094997884687e-01,4.281022810283607e-01,-2.160770620482883e-01,6.143657683924220e-02},
{ 1.940835223173911e-01,-7.541047604765029e-01,1.868256381573063e+00,-5.013681692333392e+00,-8.471513129786324e-01,6.699078764634274e+00,-3.524994708978988e+00,2.354770399618393e+00,-1.688063603619838e+00,1.227342006798175e+00,-8.756994193179417e-01,5.938962364350098e-01,-3.649610417120374e-01,1.831462329623569e-01,-5.191700492133089e-02},
{ -1.150607252775599e-01,4.293625071207450e-01,-9.630003005171446e-01,1.966519291956166e+00,-4.774392159422995e+00,-4.666475025525899e-01,5.702824741676341e+00,-2.879731503324405e+00,1.848341015200013e+00,-1.268548246015782e+00,8.747190860216157e-01,-5.806304042334651e-01,3.519560010118664e-01,-1.751478969392386e-01,4.943609529643433e-02},
{ 7.891922227114057e-02,-2.879027495786581e-01,6.141455566392634e-01,-1.128038946976225e+00,2.074718633940846e+00,-4.709640516613670e+00,-2.096818175983105e-01,5.126826867715294e+00,-2.485162412403491e+00,1.526440339309119e+00,-9.935495803118135e-01,6.376502814186773e-01,-3.786540775298739e-01,1.861443180856204e-01,-5.221511836791803e-02},
{ -6.092965832989262e-02,2.191998478765999e-01,-4.541700165869145e-01,7.898752369301227e-01,-1.302631412587913e+00,2.235228736584660e+00,-4.818600179315561e+00,2.830546171511902e-14,4.818600179315532e+00,-2.235228736584662e+00,1.302631412587917e+00,-7.898752369301247e-01,4.541700165869144e-01,-2.191998478766012e-01,6.092965832989452e-02},
{ 5.221511836791759e-02,-1.861443180856201e-01,3.786540775298744e-01,-6.376502814186769e-01,9.935495803118111e-01,-1.526440339309116e+00,2.485162412403499e+00,-5.126826867715280e+00,2.096818175982680e-01,4.709640516613698e+00,-2.074718633940858e+00,1.128038946976230e+00,-6.141455566392647e-01,2.879027495786601e-01,-7.891922227114279e-02},
{ -4.943609529643278e-02,1.751478969392366e-01,-3.519560010118662e-01,5.806304042334630e-01,-8.747190860216102e-01,1.268548246015777e+00,-1.848341015200011e+00,2.879731503324392e+00,-5.702824741676327e+00,4.666475025525871e-01,4.774392159423001e+00,-1.966519291956166e+00,9.630003005171426e-01,-4.293625071207451e-01,1.150607252775611e-01},
{ 5.191700492132889e-02,-1.831462329623543e-01,3.649610417120370e-01,-5.938962364350074e-01,8.756994193179373e-01,-1.227342006798170e+00,1.688063603619835e+00,-2.354770399618380e+00,3.524994708978971e+00,-6.699078764634266e+00,8.471513129786178e-01,5.013681692333396e+00,-1.868256381573054e+00,7.541047604765010e-01,-1.940835223173918e-01},
{ -6.143657683923864e-02,2.160770620482853e-01,-4.281022810283594e-01,6.902094997884668e-01,-1.003433072595235e+00,1.376494901975592e+00,-1.830457524098863e+00,2.412477977913317e+00,-3.238181552080957e+00,4.662008327979171e+00,-8.470998327505230e+00,1.524387296869631e+00,5.438648514816353e+00,-1.686839496298802e+00,3.991452490558696e-01},
{ 8.510254138911222e-02,-2.986974082354468e-01,5.894790370402753e-01,-9.445011387786164e-01,1.360439676678684e+00,-1.840848942000285e+00,2.398140821162954e+00,-3.060400488092819e+00,3.889585817008049e+00,-5.036817327326031e+00,6.964168273351143e+00,-1.199902439977989e+01,3.023417968499419e+00,5.987844936594557e+00,-1.117889367511108e+00},
{ -1.521896578534285e-01,5.334622790467943e-01,-1.050167509619724e+00,1.676064523931184e+00,-2.400257833771511e+00,3.220785691878860e+00,-4.144851272547690e+00,5.193105851533343e+00,-6.410693005478669e+00,7.895525117515302e+00,-9.883063547313922e+00,1.308446074984386e+01,-2.105220879618710e+01,7.713004311652887e+00,5.777023097369813e+00},
{ 5.060767069388135e-01,-1.772692540293914e+00,3.485121549671961e+00,-5.550822671551678e+00,7.925338347066445e+00,-1.058886322144678e+01,1.354265174944031e+01,-1.681372522519996e+01,2.046869904658532e+01,-2.464519648687638e+01,2.962762555903553e+01,-3.606295486642912e+01,4.577983525836584e+01,-6.729028696336304e+01,4.138919375805666e+01}
};
#endif
#if p_cubNq==16
const dfloat c_D[16][16] = {
{ -4.692264044219286e+01,7.636923239320666e+01,-5.215211890049053e+01,4.131554403478738e+01,-3.420955600593403e+01,2.875480499509683e+01,-2.421056421597340e+01,2.024664832141448e+01,-1.669876742416053e+01,1.348238673758765e+01,-1.055662625108551e+01,7.907593583255951e+00,-5.540843760657276e+00,3.479645274585247e+00,-1.770094643761947e+00,5.053563043218851e-01},
{ -6.516633666353528e+00,-8.764077985126461e+00,2.388475059147461e+01,-1.492868838411791e+01,1.136423089693367e+01,-9.173533123088520e+00,7.550426147098019e+00,-6.226391285606645e+00,5.088276322607364e+00,-4.082372050802674e+00,3.182293079362822e+00,-2.376189537454585e+00,1.661237251669491e+00,-1.041623568236628e+00,5.293385784998014e-01,-1.510432668588315e-01},
{ 1.251696784219230e+00,-6.718046516836637e+00,-3.453096179431577e+00,1.358780481934194e+01,-7.947423455960847e+00,5.807417829677239e+00,-4.545629586909287e+00,3.640435655398446e+00,-2.920320748862424e+00,2.314062893750595e+00,-1.788381286793166e+00,1.327269080234139e+00,-9.239403213934057e-01,5.776131897981055e-01,-2.929767073617601e-01,8.351455112940949e-02},
{ -4.420462414534705e-01,1.871849798231634e+00,-6.057261847018600e+00,-1.759355912363998e+00,9.559178845009226e+00,-5.314632528258635e+00,3.741063971824841e+00,-2.836316463472622e+00,2.202543686559685e+00,-1.709262983454926e+00,1.302520504691636e+00,-9.573107381993899e-01,6.618971169215481e-01,-4.118802508652337e-01,2.082960360844961e-01,-5.928299423619294e-02},
{ 2.117762237558470e-01,-8.244511518381895e-01,2.049882358281325e+00,-5.530904030781690e+00,-9.994294958167478e-01,7.520479819081497e+00,-4.009471606840120e+00,2.724932006594627e+00,-1.998584094543819e+00,1.498950642872362e+00,-1.117415829360347e+00,8.092235371233550e-01,-5.538963028588981e-01,3.423430860757254e-01,-1.723875745668703e-01,4.895241282194469e-02},
{ -1.231607624520884e-01,4.604618915361178e-01,-1.036377169807821e+00,2.127555788721557e+00,-5.203286386913050e+00,-5.796062004288317e-01,6.357168034348612e+00,-3.264739617946319e+00,2.142950547886158e+00,-1.516303005240099e+00,1.091663066487478e+00,-7.731201616523953e-01,5.214255218870638e-01,-3.191500234531913e-01,1.597339510398329e-01,-4.521547401302477e-02},
{ 8.244744142593244e-02,-3.013275592809711e-01,6.449694396165221e-01,-1.190729684091340e+00,2.205614723601482e+00,-5.054451353996397e+00,-3.058582839168755e-01,5.663366376257934e+00,-2.805863949744519e+00,1.775545793426224e+00,-1.205580808387421e+00,8.245743908576423e-01,-5.440351161184608e-01,3.283373225389692e-01,-1.629220897178144e-01,4.591335752909395e-02},
{ -6.174396576819276e-02,2.225219762790982e-01,-4.625594544439364e-01,8.084289187171141e-01,-1.342354703400715e+00,2.324491639251098e+00,-5.071585680062424e+00,-9.587803702635105e-02,5.262464920192373e+00,-2.512671524728426e+00,1.525778841445075e+00,-9.845415419394284e-01,6.277860858913468e-01,-3.710605268883048e-01,1.818474379819558e-01,-5.092438550028361e-02},
{ 5.092438550028219e-02,-1.818474379819546e-01,3.710605268883022e-01,-6.277860858913427e-01,9.845415419394217e-01,-1.525778841445065e+00,2.512671524728423e+00,-5.262464920192375e+00,9.587803702635246e-02,5.071585680062434e+00,-2.324491639251116e+00,1.342354703400725e+00,-8.084289187171206e-01,4.625594544439401e-01,-2.225219762790996e-01,6.174396576819277e-02},
{ -4.591335752909267e-02,1.629220897178131e-01,-3.283373225389664e-01,5.440351161184577e-01,-8.245743908576365e-01,1.205580808387412e+00,-1.775545793426218e+00,2.805863949744511e+00,-5.663366376257915e+00,3.058582839168434e-01,5.054451353996424e+00,-2.205614723601494e+00,1.190729684091348e+00,-6.449694396165259e-01,3.013275592809733e-01,-8.244744142593416e-02},
{ 4.521547401302485e-02,-1.597339510398313e-01,3.191500234531868e-01,-5.214255218870574e-01,7.731201616523858e-01,-1.091663066487465e+00,1.516303005240088e+00,-2.142950547886143e+00,3.264739617946296e+00,-6.357168034348595e+00,5.796062004288176e-01,5.203286386913065e+00,-2.127555788721565e+00,1.036377169807823e+00,-4.604618915361187e-01,1.231607624520878e-01},
{ -4.895241282194071e-02,1.723875745668667e-01,-3.423430860757192e-01,5.538963028588901e-01,-8.092235371233447e-01,1.117415829360333e+00,-1.498950642872349e+00,1.998584094543804e+00,-2.724932006594605e+00,4.009471606840104e+00,-7.520479819081503e+00,9.994294958167580e-01,5.530904030781693e+00,-2.049882358281328e+00,8.244511518381893e-01,-2.117762237558465e-01},
{ 5.928299423619038e-02,-2.082960360844920e-01,4.118802508652269e-01,-6.618971169215373e-01,9.573107381993736e-01,-1.302520504691619e+00,1.709262983454911e+00,-2.202543686559666e+00,2.836316463472598e+00,-3.741063971824823e+00,5.314632528258629e+00,-9.559178845009210e+00,1.759355912363956e+00,6.057261847018622e+00,-1.871849798231633e+00,4.420462414534727e-01},
{ -8.351455112940731e-02,2.929767073617550e-01,-5.776131897980928e-01,9.239403213933899e-01,-1.327269080234120e+00,1.788381286793143e+00,-2.314062893750573e+00,2.920320748862406e+00,-3.640435655398426e+00,4.545629586909273e+00,-5.807417829677243e+00,7.947423455960859e+00,-1.358780481934200e+01,3.453096179431657e+00,6.718046516836607e+00,-1.251696784219231e+00},
{ 1.510432668588297e-01,-5.293385784997979e-01,1.041623568236609e+00,-1.661237251669463e+00,2.376189537454548e+00,-3.182293079362784e+00,4.082372050802650e+00,-5.088276322607347e+00,6.226391285606618e+00,-7.550426147097999e+00,9.173533123088541e+00,-1.136423089693370e+01,1.492868838411798e+01,-2.388475059147462e+01,8.764077985126372e+00,6.516633666353571e+00},
{ -5.053563043218858e-01,1.770094643761930e+00,-3.479645274585178e+00,5.540843760657143e+00,-7.907593583255768e+00,1.055662625108527e+01,-1.348238673758740e+01,1.669876742416029e+01,-2.024664832141417e+01,2.421056421597309e+01,-2.875480499509662e+01,3.420955600593383e+01,-4.131554403478722e+01,5.215211890049017e+01,-7.636923239320635e+01,4.692264044219288e+01}
};
#endif
#if p_cubNq==17
const dfloat c_D[17][17] = {
{ -5.280188976692783e+01,8.601557703419192e+01,-5.892300720798516e+01,4.689793890140826e+01,-3.908186424716755e+01,3.312963422579934e+01,-2.820154473399150e+01,2.391950108501537e+01,-2.009173904768324e+01,1.661576333634216e+01,-1.343745939765693e+01,1.053183739598054e+01,-7.893552467485380e+00,5.532763569899423e+00,-3.475142737968683e+00,1.767941153938000e+00,-5.047570957087357e-01},
{ -7.302610088038413e+00,-9.880633209819663e+00,2.689409616933903e+01,-1.688794044036253e+01,1.293811818210388e+01,-1.053249507369306e+01,8.764140996081970e+00,-7.329638359622118e+00,6.099908091680863e+00,-5.012473658304136e+00,4.035317780862202e+00,-3.152372344296712e+00,2.357032296201234e+00,-1.649236181315328e+00,1.034631750614878e+00,-5.259418051174141e-01,1.500958936853265e-01},
{ 1.394049175708222e+00,-7.494611728511044e+00,-3.909063579087469e+00,1.527553933795601e+01,-8.991426124610109e+00,6.625547723818917e+00,-5.242544813415290e+00,4.257631479013873e+00,-3.477771252279166e+00,2.822091438739225e+00,-2.252058827733832e+00,1.748265484206282e+00,-1.301248625162991e+00,9.075234206463296e-01,-5.680274478622883e-01,2.883221359819674e-01,-8.221779740863477e-02},
{ -4.878633999117431e-01,2.069284308996908e+00,-6.716574619531205e+00,-2.007816033335262e+00,1.071509483623250e+01,-6.006825932790750e+00,4.273917306096036e+00,-3.285416408466766e+00,2.597410409235029e+00,-2.063758143980819e+00,1.623480543419651e+00,-1.247697501163249e+00,9.220410684789364e-01,-6.397838010667632e-01,3.990332936132490e-01,-2.020813943463062e-01,5.755546852055757e-02},
{ 2.308797675589147e-01,-9.002864482744839e-01,2.245153271074936e+00,-6.085021854166526e+00,-1.158955941380678e+00,8.393349878081960e+00,-4.522389878706174e+00,3.115711709835320e+00,-2.325956592236370e+00,1.785563525089897e+00,-1.373609284594266e+00,1.039741039820955e+00,-7.602583646750116e-01,5.236201954238732e-01,-3.249209376552751e-01,1.640118141253691e-01,-4.663189932243987e-02},
{ -1.321711514010716e-01,4.949374214762628e-01,-1.117245536842534e+00,2.303671756737308e+00,-5.668194636766145e+00,-6.955051763231868e-01,7.053516103568676e+00,-3.671151295453493e+00,2.451939866648523e+00,-1.775125828953753e+00,1.318234358770087e+00,-9.752471790125155e-01,7.021576213483903e-01,-4.785032106042925e-01,2.948045793140088e-01,-1.481346090079157e-01,4.201691650165119e-02},
{ 8.674776741948895e-02,-3.175365772877107e-01,6.816075150298706e-01,-1.263767092393689e+00,2.354739152166875e+00,-5.438398643189212e+00,-4.006584990280069e-01,6.236453649370719e+00,-3.142707925110340e+00,2.033792447052659e+00,-1.423561454360487e+00,1.016384430527282e+00,-7.152173184898938e-01,4.800517040862664e-01,-2.928005912977134e-01,1.462049728519981e-01,-4.133353734810915e-02},
{ -6.339254301246205e-02,2.288061001097154e-01,-4.769369113146061e-01,8.370126032567489e-01,-1.397760357136095e+00,2.438755757992435e+00,-5.373266079768804e+00,-1.843571748328360e-01,5.740482495605556e+00,-2.801368702870911e+00,1.752295227936268e+00,-1.179220900506984e+00,8.010336459051799e-01,-5.257755370473270e-01,3.161287163705952e-01,-1.564721877654007e-01,4.403584707892799e-02},
{ 5.072327986415626e-02,-1.813894755217104e-01,3.711056974359563e-01,-6.303560048147909e-01,9.939872188286909e-01,-1.551599324451481e+00,2.579338917433510e+00,-5.468297562396319e+00,-2.425607852750267e-15,5.468297562396318e+00,-2.579338917433501e+00,1.551599324451475e+00,-9.939872188286921e-01,6.303560048147890e-01,-3.711056974359564e-01,1.813894755217129e-01,-5.072327986415671e-02},
{ -4.403584707892610e-02,1.564721877653965e-01,-3.161287163705927e-01,5.257755370473248e-01,-8.010336459051772e-01,1.179220900506990e+00,-1.752295227936274e+00,2.801368702870914e+00,-5.740482495605563e+00,1.843571748328451e-01,5.373266079768790e+00,-2.438755757992425e+00,1.397760357136098e+00,-8.370126032567516e-01,4.769369113146083e-01,-2.288061001097196e-01,6.339254301246283e-02},
{ 4.133353734810855e-02,-1.462049728519957e-01,2.928005912977126e-01,-4.800517040862668e-01,7.152173184898940e-01,-1.016384430527288e+00,1.423561454360498e+00,-2.033792447052671e+00,3.142707925110355e+00,-6.236453649370741e+00,4.006584990280422e-01,5.438398643189196e+00,-2.354739152166891e+00,1.263767092393700e+00,-6.816075150298784e-01,3.175365772877208e-01,-8.674776741949411e-02},
{ -4.201691650165051e-02,1.481346090079151e-01,-2.948045793140096e-01,4.785032106042937e-01,-7.021576213483912e-01,9.752471790125214e-01,-1.318234358770096e+00,1.775125828953758e+00,-2.451939866648531e+00,3.671151295453496e+00,-7.053516103568645e+00,6.955051763231401e-01,5.668194636766179e+00,-2.303671756737323e+00,1.117245536842542e+00,-4.949374214762737e-01,1.321711514010745e-01},
