// Differentiation matrices on cubature GL points
#if p_cubNq==2
const dfloat c_D[2][2] = {
{-8.66025403784438819e-01,8.66025403784438819e-01},
{-8.66025403784438819e-01,8.66025403784438819e-01}
};
#endif
#if p_cubNq==3
const dfloat c_D[3][3] = {
{-1.93649167310370895e+00,2.58198889747161120e+00,-6.45497224367902911e-01},
{-6.45497224367903133e-01,1.55584687288535308e-16,6.45497224367902911e-01},
{6.45497224367903022e-01,-2.58198889747161164e+00,1.93649167310370895e+00}
};
#endif
#if p_cubNq==4
const dfloat c_D[4][4] = {
{-3.33200023635228249e+00,4.86015441568519346e+00,-2.10878234849517554e+00,5.80628169162263452e-01},
{-7.57557614799235224e-01,-3.84414392223206780e-01,1.47067023128071583e+00,-3.28698224258273997e-01},
{3.28698224258274885e-01,-1.47067023128071761e+00,3.84414392223209056e-01,7.57557614799233781e-01},
{-5.80628169162264451e-01,2.10878234849517954e+00,-4.86015441568519702e+00,3.33200023635228249e+00}
};
#endif
#if p_cubNq==5
const dfloat c_D[5][5] = {
{-5.06704059565453946e+00,7.70195208517224383e+00,-4.04354375438766400e+00,1.96039911583327542e+00,-5.51766850963315347e-01},
{-9.60256023631956279e-01,-7.58353217167879068e-01,2.40275065216430139e+00,-9.28558026643833467e-01,2.44416615279367672e-01},
{3.01168159727831619e-01,-1.43538824233474327e+00,3.30128343941277278e-15,1.43538824233473927e+00,-3.01168159727830786e-01},
{-2.44416615279368449e-01,9.28558026643836243e-01,-2.40275065216430228e+00,7.58353217167878624e-01,9.60256023631955724e-01},
{5.51766850963315791e-01,-1.96039911583328275e+00,4.04354375438766755e+00,-7.70195208517223850e+00,5.06704059565453768e+00}
};
#endif
#if p_cubNq==6
const dfloat c_D[6][6] = {
{-7.14532713177160694e+00,1.11092836948940494e+01,-6.40281668080884714e+00,3.79356102896804925e+00,-1.89091147085932176e+00,5.36210559577676826e-01},
{-1.22332547225140975e+00,-1.17485228103409756e+00,3.48855379684705857e+00,-1.63834389463741292e+00,7.56190111988843672e-01,-2.08222260912983237e-01},
{3.24412318140671119e-01,-1.60515040168195200e+00,-2.53026278709323149e-01,2.09538892579102898e+00,-7.53833397365752167e-01,1.92208833825328218e-01},
{-1.92208833825328940e-01,7.53833397365753499e-01,-2.09538892579103031e+00,2.53026278709324814e-01,1.60515040168195000e+00,-3.24412318140669398e-01},
{2.08222260912984125e-01,-7.56190111988846447e-01,1.63834389463741603e+00,-3.48855379684706524e+00,1.17485228103410733e+00,1.22332547225140287e+00},
{-5.36210559577680712e-01,1.89091147085932998e+00,-3.79356102896805902e+00,6.40281668080886401e+00,-1.11092836948940477e+01,7.14532713177159540e+00}
};
#endif
#if p_cubNq==7
const dfloat c_D[7][7] = {
{-9.56818233746570890e+00,1.50830341186575794e+01,-9.17256785381406559e+00,6.01033380631149328e+00,-3.67770269748200684e+00,1.85189544919454296e+00,-5.26810485401829176e-01},
{-1.53870005003240773e+00,-1.64736567938172529e+00,4.74133043525152509e+00,-2.45706923259023791e+00,1.38716335647928224e+00,-6.74280474928158680e-01,1.88921645201720834e-01},
{3.69393453044812026e-01,-1.87168702537381049e+00,-4.85873517907344066e-01,2.82067438967083550e+00,-1.23199697791891483e+00,5.47596437719813034e-01,-1.48106759235390517e-01},
{-1.84701413580636381e-01,7.40156854904816308e-01,-2.15241654146188743e+00,7.84289018009411258e-15,2.15241654146187456e+00,-7.40156854904812644e-01,1.84701413580638324e-01},
{1.48106759235389046e-01,-5.47596437719816476e-01,1.23199697791892637e+00,-2.82067438967084483e+00,4.85873517907356223e-01,1.87168702537380782e+00,-3.69393453044818743e-01},
{-1.88921645201718391e-01,6.74280474928159013e-01,-1.38716335647928757e+00,2.45706923259023080e+00,-4.74133043525148157e+00,1.64736567938165557e+00,1.53870005003244281e+00},
{5.26810485401816853e-01,-1.85189544919452187e+00,3.67770269748197842e+00,-6.01033380631141689e+00,9.17256785381391992e+00,-1.50830341186575403e+01,9.56818233746576219e+00}
};
#endif
#if p_cubNq==8
const dfloat c_D[8][8] = {
{-1.23361770073901393e+01,1.96236318277743855e+01,-1.23471428406427641e+01,8.58478148652793749e+00,-5.83106531751911206e+00,3.61282262038470936e+00,-1.82752689272092361e+00,5.20676123585903095e-01},
{-1.90339926921385461e+00,-2.18072093995854877e+00,6.16601629360370929e+00,-3.38703662866545807e+00,2.11920856382979927e+00,-1.26442178552687223e+00,6.27615211855340416e-01,-1.77261445924110389e-01},
{4.28488794236257853e-01,-2.20610994990862741e+00,-7.26058332236450221e-01,3.63166339394381366e+00,-1.75238600279782508e+00,9.51416107865937777e-01,-4.52391519760611593e-01,1.25377508657504161e-01},
{-1.93014788318653235e-01,7.85110384657953464e-01,-2.35284832564320823e+00,-1.89821817909734736e-01,2.72576648116975750e+00,-1.13531955616788949e+00,4.91229600718671777e-01,-1.31101978506897782e-01},
{1.31101978506897088e-01,-4.91229600718671111e-01,1.13531955616788949e+00,-2.72576648116975973e+00,1.89821817909737484e-01,2.35284832564320867e+00,-7.85110384657956129e-01,1.93014788318653846e-01},
{-1.25377508657503883e-01,4.52391519760610372e-01,-9.51416107865936445e-01,1.75238600279782286e+00,-3.63166339394380877e+00,7.26058332236438564e-01,2.20610994990863585e+00,-4.28488794236259518e-01},
{1.77261445924109418e-01,-6.27615211855337751e-01,1.26442178552687068e+00,-2.11920856382979528e+00,3.38703662866544919e+00,-6.16601629360370218e+00,2.18072093995854921e+00,1.90339926921385705e+00},
{-5.20676123585903206e-01,1.82752689272090896e+00,-3.61282262038469870e+00,5.83106531751910051e+00,-8.58478148652790551e+00,1.23471428406427499e+01,-1.96236318277743997e+01,1.23361770073901411e+01}
};
#endif
#if p_cubNq==9
const dfloat c_D[9][9] = {
{-1.54495913584918405e+01,2.47313008662647960e+01,-1.59238611464454873e+01,1.15048563904690155e+01,-8.31716261230543275e+00,5.73195383235915212e+00,-3.57223810005650888e+00,1.81118556349368687e+00,-5.16443435287387898e-01},
{-2.31609236014706621e+00,-2.77703234594435511e+00,7.76481616864735624e+00,-4.42973081953500358e+00,2.94750435285532397e+00,-1.95386331471298069e+00,1.19284421952896214e+00,-5.98063870612224879e-01,1.69617969919988815e-01},
{4.98898040653338704e-01,-2.59768018447293603e+00,-9.83320837244663237e-01,4.53534978806288613e+00,-2.32370289286913545e+00,1.39848180607886285e+00,-8.15166754340948430e-01,3.99060032450611057e-01,-1.11918998318014773e-01},
{-2.09639325311064856e-01,8.61906140075183846e-01,-2.63778213508995574e+00,-3.62351122857505648e-01,3.35222871095298247e+00,-1.54200376591652399e+00,8.13364017486010171e-01,-3.80169102012281657e-01,1.04446582673155264e-01},
{1.28271543690561873e-01,-4.85401004392333413e-01,1.14385851895599511e+00,-2.83724747817077372e+00,1.59336425074342621e-15,2.83724747817076706e+00,-1.14385851895598911e+00,4.85401004392326418e-01,-1.28271543690556628e-01},
{-1.04446582673159996e-01,3.80169102012288540e-01,-8.13364017486016611e-01,1.54200376591653265e+00,-3.35222871095299491e+00,3.62351122857523633e-01,2.63778213508994419e+00,-8.61906140075174521e-01,2.09639325311056612e-01},
{1.11918998318020130e-01,-3.99060032450618718e-01,8.15166754340956978e-01,-1.39848180607887462e+00,2.32370289286914566e+00,-4.53534978806288702e+00,9.83320837244653023e-01,2.59768018447292182e+00,-4.98898040653318497e-01},
{-1.69617969919997724e-01,5.98063870612242421e-01,-1.19284421952898834e+00,1.95386331471301600e+00,-2.94750435285536927e+00,4.42973081953505776e+00,-7.76481616864746460e+00,2.77703234594454162e+00,2.31609236014695918e+00},
{5.16443435287422203e-01,-1.81118556349377569e+00,3.57223810005665543e+00,-5.73195383235936617e+00,8.31716261230571341e+00,-1.15048563904693513e+01,1.59238611464459101e+01,-2.47313008662648244e+01,1.54495913584916202e+01}
};
#endif
#if p_cubNq==10
const dfloat c_D[10][10] = {
{-1.89085763743089323e+01,3.04061667720732025e+01,-1.99013078273912605e+01,1.47642339689895881e+01,-1.11188514579287556e+01,8.17025888933326883e+00,-5.67059045577122411e+00,3.54492082356099658e+00,-1.79965063004829107e+00,5.13396291491415413e-01},
{-2.77610589439343780e+00,-3.43735556920490470e+00,9.53884456588080809e+00,-5.58602549556714667e+00,3.87026173404727913e+00,-2.73373696705263702e+00,1.85705420387703479e+00,-1.14661946207619203e+00,5.77992340507652580e-01,-1.64309456018461336e-01},
{5.79370995773005326e-01,-3.04156113177695664e+00,-1.26189866042851340e+00,5.53468616647537992e+00,-2.95021835175228464e+00,1.88968390671983655e+00,-1.22358480821574167e+00,7.35933115060185772e-01,-3.65611701155538427e-01,1.03200469300625639e-01},
{-2.31835421671072406e-01,9.60721326274265097e-01,-2.98529147169746123e+00,-5.33627480295564061e-01,4.04018123773971638e+00,-1.97419952194288362e+00,1.15368092686949142e+00,-6.59975504119896916e-01,3.19388369982868070e-01,-8.90424611394615151e-02},
{1.32129041638822109e-01,-5.03737563978225888e-01,1.20425202200898118e+00,-3.05752721443383679e+00,-1.52248713826339338e-01,3.35853716241650524e+00,-1.49403415586365362e+00,7.71351606661096811e-01,-3.55812111678617260e-01,9.70899270552678800e-02},
{-9.70899270552689209e-02,3.55812111678619536e-01,-7.71351606661100919e-01,1.49403415586365540e+00,-3.35853716241650124e+00,1.52248713826334592e-01,3.05752721443383413e+00,-1.20425202200897297e+00,5.03737563978222780e-01,-1.32129041638820860e-01},
{8.90424611394631665e-02,-3.19388369982870512e-01,6.59975504119903911e-01,-1.15368092686949741e+00,1.97419952194288806e+00,-4.04018123773973326e+00,5.33627480295591039e-01,2.98529147169744169e+00,-9.60721326274257881e-01,2.31835421671071656e-01},
{-1.03200469300627290e-01,3.65611701155543312e-01,-7.35933115060195764e-01,1.22358480821575188e+00,-1.88968390671984854e+00,2.95021835175230462e+00,-5.53468616647539058e+00,1.26189866042851806e+00,3.04156113177694598e+00,-5.79370995773005326e-01},
{1.64309456018462696e-01,-5.77992340507663349e-01,1.14661946207621090e+00,-1.85705420387705322e+00,2.73373696705265701e+00,-3.87026173404730889e+00,5.58602549556716710e+00,-9.53884456588079388e+00,3.43735556920487362e+00,2.77610589439344979e+00},
{-5.13396291491421408e-01,1.79965063004830994e+00,-3.54492082356105032e+00,5.67059045577127652e+00,-8.17025888933331501e+00,1.11188514579288391e+01,-1.47642339689896360e+01,1.99013078273912498e+01,-3.04061667720731883e+01,1.89085763743089359e+01}
};
#endif
#if p_cubNq==11
const dfloat c_D[11][11] = {
{-2.27132193723215607e+01,3.66483040786571550e+01,-2.42786753088534120e+01,1.83593078456771579e+01,-1.42264990139339833e+01,1.09067531059934719e+01,-8.08009403981699670e+00,5.62961056409285820e+00,-3.52554476142777595e+00,1.79118484307066694e+00,-5.11127941137581199e-01},
{-3.28306711773099202e+00,-4.16226929649711064e+00,1.14887175589481298e+01,-6.85644599351245709e+00,4.88667987288465699e+00,-3.59993396636473539e+00,2.60903062455339763e+00,-1.79420870548948397e+00,1.11469528703687892e+00,-5.63658077942527425e-01,1.60459814114236127e-01},
{6.69272879415623190e-01,-3.53528078853995487e+00,-1.56390305245506012e+00,6.63110703881637686e+00,-3.63419668990405809e+00,2.42611677820996530e+00,-1.67445359451358655e+00,1.12030113825851885e+00,-6.84788915435342482e-01,3.43011377302784359e-01,-9.71861711552653440e-02},
{-2.58385161723055368e-01,1.07717048775408109e+00,-3.38547073901955331e+00,-7.10565734276404903e-01,4.79285699145284028e+00,-2.43833687404910071e+00,1.51662710076525786e+00,-9.63212730489832802e-01,5.71962826156018789e-01,-2.81876159785021285e-01,7.92299932147708386e-02},
{1.39957077489457959e-01,-5.36642219596087489e-01,1.29696129591499809e+00,-3.35027172528978179e+00,-2.90660675063653784e-01,3.92605128601777231e+00,-1.85499052362657579e+00,1.06014281305769087e+00,-5.97574014065587633e-01,2.86516821599767268e-01,-7.94901364380025122e-02},
{-9.58128490386410403e-02,3.53018062884870309e-01,-7.73146392481758871e-01,1.52198619321541329e+00,-3.50580223442228922e+00,1.67353712643367255e-15,3.50580223442228656e+00,-1.52198619321540463e+00,7.73146392481746769e-01,-3.53018062884861261e-01,9.58128490386359749e-02},
{7.94901364380071473e-02,-2.86516821599775262e-01,5.97574014065598069e-01,-1.06014281305769886e+00,1.85499052362657757e+00,-3.92605128601777542e+00,2.90660675063651341e-01,3.35027172528976802e+00,-1.29696129591497811e+00,5.36642219596075276e-01,-1.39957077489450465e-01},
{-7.92299932147751268e-02,2.81876159785030000e-01,-5.71962826156030668e-01,9.63212730489845126e-01,-1.51662710076527052e+00,2.43833687404912069e+00,-4.79285699145288113e+00,7.10565734276469851e-01,3.38547073901950846e+00,-1.07717048775405755e+00,2.58385161723041656e-01},
{9.71861711552713947e-02,-3.43011377302798515e-01,6.84788915435361467e-01,-1.12030113825854172e+00,1.67445359451361431e+00,-2.42611677820999949e+00,3.63419668990409850e+00,-6.63110703881639107e+00,1.56390305245505146e+00,3.53528078853992245e+00,-6.69272879415592215e-01},
{-1.60459814114249227e-01,5.63658077942556068e-01,-1.11469528703692178e+00,1.79420870548953726e+00,-2.60903062455346646e+00,3.59993396636482377e+00,-4.88667987288477956e+00,6.85644599351256545e+00,-1.14887175589482720e+01,4.16226929649736554e+00,3.28306711773083526e+00},
{5.11127941137633046e-01,-1.79118484307081260e+00,3.52554476142798601e+00,-5.62961056409313798e+00,8.08009403981737151e+00,-1.09067531059939693e+01,1.42264990139346210e+01,-1.83593078456778223e+01,2.42786753088540586e+01,-3.66483040786571479e+01,2.27132193723212055e+01}
};
#endif
#if p_cubNq==12
const dfloat c_D[12][12] = {
{-2.68635737486118948e+01,4.34577592193199180e+01,-2.90554741884019165e+01,2.22878911498721699e+01,-1.76343035427911552e+01,1.39290451776381996e+01,-1.07769107469923924e+01,8.02041570970331641e+00,-5.60071251007318072e+00,3.51124820339327792e+00,-1.78477760471334235e+00,5.09392881656994700e-01},
{-3.83675524648849331e+00,-4.95211380753619590e+00,1.36147995961545174e+01,-8.24132011139923826e+00,5.99635274399280949e+00,-4.55026598950797467e+00,3.44307222368813770e+00,-2.52821393881672973e+00,1.75055841573611337e+00,-1.09156683612106442e+00,5.53025613079472955e-01,-1.57572662781350931e-01},
{7.68250444535909627e-01,-4.07745652774109146e+00,-1.89049211950850937e+00,7.82538319133683657e+00,-4.37692938462550440e+00,3.00857996741434297e+00,-2.16675327451704192e+00,1.54679114233574944e+00,-1.05273628191146562e+00,6.49432735797741190e-01,-3.26910160518614157e-01,9.28402674016451102e-02},
{-2.88671391164130209e-01,1.20902361648435552e+00,-3.83323573001174100e+00,-8.96589759192819691e-01,5.61170343816385842e+00,-2.93769726279064924e+00,1.90507600739257144e+00,-1.28952897532075261e+00,8.51327626459710274e-01,-5.15679070460114075e-01,2.56811583344882632e-01,-7.25400829051734836e-02},
{1.50552581350554243e-01,-5.79856194153672622e-01,1.41326818192697279e+00,-3.69904690919914536e+00,-4.25386265706220679e-01,4.54295743688930020e+00,-2.23522863332182853e+00,1.35931806101922081e+00,-8.50014300121981092e-01,4.99443905407363664e-01,-2.44482033522332276e-01,6.84741694317730215e-02},
{-9.79037098917093784e-02,3.62257862385615304e-01,-7.99768893911075418e-01,1.59422668193610440e+00,-3.74012894942578988e+00,-1.27228789346965604e-01,3.99254484839969548e+00,-1.84022048108749026e+00,1.03384478740210328e+00,-5.75986641042489200e-01,2.74111444620726785e-01,-7.57481600387278631e-02},
{7.57481600387259618e-02,-2.74111444620717459e-01,5.75986641042486869e-01,-1.03384478740210684e+00,1.84022048108749225e+00,-3.99254484839970258e+00,1.27228789346972876e-01,3.74012894942578722e+00,-1.59422668193610440e+00,7.99768893911081191e-01,-3.62257862385627294e-01,9.79037098917117099e-02},
{-6.84741694317714672e-02,2.44482033522323866e-01,-4.99443905407359889e-01,8.50014300121982203e-01,-1.35931806101922081e+00,2.23522863332182897e+00,-4.54295743688928688e+00,4.25386265706198530e-01,3.69904690919914980e+00,-1.41326818192698145e+00,5.79856194153691384e-01,-1.50552581350557074e-01},
{7.25400829051718460e-02,-2.56811583344875916e-01,5.15679070460111189e-01,-8.51327626459711717e-01,1.28952897532075550e+00,-1.90507600739257832e+00,2.93769726279065280e+00,-5.61170343816388151e+00,8.96589759192871205e-01,3.83323573001174278e+00,-1.20902361648439416e+00,2.88671391164136149e-01},
{-9.28402674016437085e-02,3.26910160518603110e-01,-6.49432735797730198e-01,1.05273628191145563e+00,-1.54679114233573367e+00,2.16675327451702504e+00,-3.00857996741430878e+00,4.37692938462545200e+00,-7.82538319133667581e+00,1.89049211950823337e+00,4.07745652774125134e+00,-7.68250444535923838e-01},
{1.57572662781345574e-01,-5.53025613079444756e-01,1.09156683612102667e+00,-1.75055841573606785e+00,2.52821393881665912e+00,-3.44307222368804844e+00,4.55026598950785033e+00,-5.99635274399265672e+00,8.24132011139901977e+00,-1.36147995961545227e+01,4.95211380753640107e+00,3.83675524648843380e+00},
{-5.09392881656975605e-01,1.78477760471326086e+00,-3.51124820339320420e+00,5.60071251007313098e+00,-8.02041570970319206e+00,1.07769107469922307e+01,-1.39290451776379793e+01,1.76343035427909349e+01,-2.22878911498718679e+01,2.90554741884020764e+01,-4.34577592193203373e+01,2.68635737486119410e+01}
};
#endif
#if p_cubNq==13
const dfloat c_D[13][13] = {
{-3.13596736664336468e+01,5.08345623118105863e+01,-3.42313933682350182e+01,2.65485922197773938e+01,-2.13385852657873194e+01,1.72293536982211073e+01,-1.37464270313726171e+01,1.06913780715799813e+01,-7.97868797341258063e+00,5.57947935527370831e+00,-3.50036866301657934e+00,1.77980588241975557e+00,-5.08035570824753924e-01},
{-4.43703237149806728e+00,-5.80710047305614285e+00,1.59173180789187914e+01,-9.74086001742646346e+00,7.19905514586851947e+00,-5.58345766659120102e+00,4.35591926195723378e+00,-3.34183626577084691e+00,2.47210256057358135e+00,-1.71875152918157026e+00,1.07419579352860861e+00,-5.44900689041521780e-01,1.55348171719079803e-01},
{8.76093108516475039e-01,-4.66726084224116367e+00,-2.24234856163688079e+00,9.11796133667260733e+00,-5.17919861276906435e+00,3.63762061435832429e+00,-2.70011784785634568e+00,2.01302691701257963e+00,-1.46287637503659385e+00,1.00548100107866722e+00,-6.23769543828952444e-01,3.14974667163077648e-01,-8.95858614327287306e-02},
{-3.22350770505234308e-01,1.35503654882523383e+00,-4.32572867151275275e+00,-1.09357030850967196e+00,6.49744258333163849e+00,-3.47410577501679230e+00,2.32080173444433546e+00,-1.63948262199781181e+00,1.15467863181215868e+00,-7.78392642912396737e-01,4.77018692493662189e-01,-2.39092968816281115e-01,6.77455683639122952e-02},
{1.63307754214964046e-01,-6.31223524171626860e-01,1.54873838627573068e+00,-4.09540087331964031e+00,-5.61419995904462787e-01,5.21047431715503073e+00,-2.63894827782793895e+00,1.67326171130485135e+00,-1.11484522067418701e+00,7.27805104312633899e-01,-4.37444663892460117e-01,2.16757513143164104e-01,-6.10622306160602951e-02},
{-1.02165784344736846e-01,3.79320405306919683e-01,-8.42807132474692633e-01,1.69665018292325298e+00,-4.03712840247685101e+00,-2.43384731018352646e-01,4.52055308734330552e+00,-2.16958974957250650e+00,1.29646016241650441e+00,-8.00674668720649074e-01,4.66401976287736331e-01,-2.27032559839478176e-01,6.33972141695531288e-02},
{7.51031931815232257e-02,-2.72655890122732059e-01,5.76402165731368932e-01,-1.04428585612931024e+00,1.88390182028585151e+00,-4.16508298033626723e+00,-2.06295049041048318e-14,4.16508298033629298e+00,-1.88390182028585884e+00,1.04428585612931113e+00,-5.76402165731367599e-01,2.72655890122732947e-01,-7.51031931815247522e-02},
{-6.33972141695519770e-02,2.27032559839477927e-01,-4.66401976287736053e-01,8.00674668720647409e-01,-1.29646016241649598e+00,2.16958974957248873e+00,-4.52055308734329486e+00,2.43384731018349315e-01,4.03712840247685101e+00,-1.69665018292324254e+00,8.42807132474686194e-01,-3.79320405306918795e-01,1.02165784344737928e-01},
{6.10622306160594416e-02,-2.16757513143164188e-01,4.37444663892460395e-01,-7.27805104312634898e-01,1.11484522067418346e+00,-1.67326171130484314e+00,2.63894827782794383e+00,-5.21047431715505471e+00,5.61419995904496649e-01,4.09540087331962166e+00,-1.54873838627572447e+00,6.31223524171625305e-01,-1.63307754214966655e-01},
{-6.77455683639115458e-02,2.39092968816280976e-01,-4.77018692493665353e-01,7.78392642912401067e-01,-1.15467863181215624e+00,1.63948262199780759e+00,-2.32080173444434745e+00,3.47410577501681317e+00,-6.49744258333164293e+00,1.09357030850966286e+00,4.32572867151275009e+00,-1.35503654882523672e+00,3.22350770505240913e-01},
{8.95858614327264408e-02,-3.14974667163076760e-01,6.23769543828953554e-01,-1.00548100107866989e+00,1.46287637503659496e+00,-2.01302691701257608e+00,2.70011784785635767e+00,-3.63762061435834916e+00,5.17919861276908122e+00,-9.11796133667262865e+00,2.24234856163692875e+00,4.66726084224115478e+00,-8.76093108516492469e-01},
{-1.55348171719075612e-01,5.44900689041520558e-01,-1.07419579352860994e+00,1.71875152918157115e+00,-2.47210256057357824e+00,3.34183626577083093e+00,-4.35591926195722134e+00,5.58345766659121256e+00,-7.19905514586851059e+00,9.74086001742642082e+00,-1.59173180789186404e+01,5.80710047305586574e+00,4.43703237149821295e+00},
{5.08035570824736271e-01,-1.77980588241973314e+00,3.50036866301652383e+00,-5.57947935527362304e+00,7.97868797341243230e+00,-1.06913780715797344e+01,1.37464270313723667e+01,-1.72293536982208373e+01,2.13385852657869428e+01,-2.65485922197768609e+01,3.42313933682343290e+01,-5.08345623118103589e+01,3.13596736664338422e+01}
};
#endif
#if p_cubNq==14
const dfloat c_D[14][14] = {
{-3.62015418177400221e+01,5.87787335700130029e+01,-3.98062272072712204e+01,3.11404900407027974e+01,-2.53369129385928424e+01,2.08025650907004724e+01,-1.69791605406711206e+01,1.36261177851208046e+01,-1.06319273338943425e+01,7.94826458253636314e+00,-5.56336807840522773e+00,3.49188080069009743e+00,-1.77586742397582054e+00,5.06953470787105398e-01},
{-5.08380857133187281e+00,-6.72736651410324438e+00,1.83964211451689756e+01,-1.13552076467338576e+01,8.49465334732611055e+00,-6.69871641636810455e+00,5.34556200830960560e+00,-4.23100321461925777e+00,3.27176283210430796e+00,-2.43119346454080532e+00,1.69472683563332094e+00,-1.06077521255470675e+00,5.38540729993925216e-01,-1.53595858284411385e-01},
{9.92668412557976221e-01,-5.30417157506322390e+00,-2.61989800429309705e+00,1.05091160838372630e+01,-6.04150180564067796e+00,4.31361302855114914e+00,-3.27441123172153237e+00,2.51779221425244648e+00,-1.91195405615072644e+00,1.40389790301380124e+00,-9.70828217899946888e-01,6.04447781804888784e-01,-3.05849365241453064e-01,8.70788319931352223e-02},
{-3.59218425730877089e-01,1.51446513130170612e+00,-4.86122997346670971e+00,-1.30260771170247391e+00,7.45046551286555214e+00,-4.04864867583030996e+00,2.76492584592294000e+00,-2.01364722201283985e+00,1.48114649035329027e+00,-1.06591734664921622e+00,7.27491869186394857e-01,-4.49078608923246303e-01,2.26028865300955950e-01,-6.41757506151618834e-02},
{1.77885122172257132e-01,-6.89545015807579209e-01,1.70089557740706043e+00,-4.53457065628987088e+00,-7.01477765284281629e-01,5.92910844508284374e+00,-3.06842735625727636e+00,2.00455168303216391e+00,-1.39377702486121846e+00,9.70405285366816805e-01,-6.48748392137296737e-01,3.95246713679336226e-01,-1.97349705443341988e-01,5.58030893403862124e-02},
{-1.07996135936794066e-01,4.02081374311001438e-01,-8.98006178122430443e-01,1.82208342209055485e+00,-4.38424478236755100e+00,-3.55292794950372137e-01,5.09059981654456450e+00,-2.51519444559318384e+00,1.56684619176570705e+00,-1.03062032101964451e+00,6.66585985064972797e-01,-3.98029805489137356e-01,1.96383129869144274e-01,-5.51954561668273613e-02},
{7.63604318973646889e-02,-2.77956329971747684e-01,5.90516718620593295e-01,-1.07795960588931261e+00,1.96554087690721313e+00,-4.40991066459606262e+00,-1.09331489173962640e-01,4.62727534445646871e+00,-2.17887541918058014e+00,1.28405460368425328e+00,-7.85059161366590375e-01,4.54065873621855798e-01,-2.20001961216824721e-01,6.12807822073287642e-02},
{-6.12807822073310679e-02,2.20001961216820530e-01,-4.54065873621853078e-01,7.85059161366594815e-01,-1.28405460368426327e+00,2.17887541918060013e+00,-4.62727534445648825e+00,1.09331489173985677e-01,4.40991066459604042e+00,-1.96554087690720580e+00,1.07795960588931283e+00,-5.90516718620600178e-01,2.77956329971754290e-01,-7.63604318973616775e-02},
{5.51954561668297899e-02,-1.96383129869142137e-01,3.98029805489135802e-01,-6.66585985064978903e-01,1.03062032101965606e+00,-1.56684619176572548e+00,2.51519444559320338e+00,-5.09059981654457783e+00,3.55292794950394231e-01,4.38424478236753945e+00,-1.82208342209055818e+00,8.98006178122442433e-01,-4.02081374311011042e-01,1.07996135936790721e-01},
{-5.58030893403882247e-02,1.97349705443340406e-01,-3.95246713679335004e-01,6.48748392137301844e-01,-9.70405285366828019e-01,1.39377702486122956e+00,-2.00455168303217501e+00,3.06842735625727414e+00,-5.92910844508281176e+00,7.01477765284234334e-01,4.53457065628988953e+00,-1.70089557740708019e+00,6.89545015807595196e-01,-1.77885122172253662e-01},
{6.41757506151645341e-02,-2.26028865300953952e-01,4.49078608923243916e-01,-7.27491869186399409e-01,1.06591734664922577e+00,-1.48114649035330226e+00,2.01364722201284829e+00,-2.76492584592293555e+00,4.04864867583029397e+00,-7.45046551286555214e+00,1.30260771170250900e+00,4.86122997346673724e+00,-1.51446513130174365e+00,3.59218425730864599e-01},
{-8.70788319931377480e-02,3.05849365241445403e-01,-6.04447781804877127e-01,9.70828217899936674e-01,-1.40389790301379258e+00,1.91195405615071801e+00,-2.51779221425241673e+00,3.27441123172148441e+00,-4.31361302855106210e+00,6.04150180564056871e+00,-1.05091160838370463e+01,2.61989800429273245e+00,5.30417157506338377e+00,-9.92668412557934365e-01},
{1.53595858284415854e-01,-5.38540729993908562e-01,1.06077521255468343e+00,-1.69472683563329718e+00,2.43119346454077823e+00,-3.27176283210427821e+00,4.23100321461920537e+00,-5.34556200830952566e+00,6.69871641636797310e+00,-8.49465334732597555e+00,1.13552076467337475e+01,-1.83964211451693949e+01,6.72736651410415476e+00,5.08380857133143937e+00},
{-5.06953470787140592e-01,1.77586742397581920e+00,-3.49188080069020002e+00,5.56336807840545244e+00,-7.94826458253668999e+00,1.06319273338948417e+01,-1.36261177851213535e+01,1.69791605406717956e+01,-2.08025650907011261e+01,2.53369129385937306e+01,-3.11404900407039484e+01,3.98062272072734160e+01,-5.87787335700140972e+01,3.62015418177395034e+01}
};
#endif
#if p_cubNq==15
const dfloat c_D[15][15] = {
{-4.13891937580567415e+01,6.72902869633637124e+01,-4.57798352583660488e+01,3.60629548664285906e+01,-2.96276255590351276e+01,2.46451964868759212e+01,-2.04686990465848808e+01,1.68137252251995548e+01,-1.35426517494399192e+01,1.05888632214464664e+01,-7.92533834706629303e+00,5.55082267155158071e+00,-3.48512154967184085e+00,1.77269254029384027e+00,-5.06076706938787368e-01},
{-5.77702309736972186e+00,-7.71300431165323186e+00,2.10522087961871378e+01,-1.30844607498435046e+01,9.88306354731366099e+00,-7.89552511751505737e+00,6.41069300547844811e+00,-5.19310585153315163e+00,4.14485127254751795e+00,-3.22078569187872388e+00,2.40025783377143132e+00,-1.67606452393113403e+00,1.05016750961967298e+00,-5.33462279046763244e-01,1.52189657853417315e-01},
{1.11788936751113477e+00,-5.98784493659481321e+00,-3.02341796849899502e+00,1.19990243997796551e+01,-6.96416827335106792e+00,5.03681732732596199e+00,-3.88958581700798645e+00,3.06040048809276621e+00,-2.39814082116290050e+00,1.84084894200024229e+00,-1.36043967667866550e+00,9.44501138778605975e-01,-5.89479037040258058e-01,2.98697408235437833e-01,-8.51025413891145499e-02},
{-3.99145249055878837e-01,1.68683949629886021e+00,-5.43864851481635725e+00,-1.52438729686971697e+00,8.47099832750528137e+00,-4.66200832797916842e+00,3.23818155208094671e+00,-2.41247797791330409e+00,1.83045752409884255e+00,-1.37649490197557745e+00,1.00343307259523318e+00,-6.90209499788465020e-01,4.28102281028351572e-01,-2.16077062048281837e-01,6.14365768392388240e-02},
{1.94083522317395868e-01,-7.54104760476524749e-01,1.86825638157306928e+00,-5.01368169233341199e+00,-8.47151312978587145e-01,6.69907876463424667e+00,-3.52499470897895373e+00,2.35477039961836399e+00,-1.68806360361981533e+00,1.22734200679815286e+00,-8.75699419317932715e-01,5.93896236435004221e-01,-3.64961041712029644e-01,1.83146232962350664e-01,-5.19170049213273782e-02},
{-1.15060725277564599e-01,4.29362507120761405e-01,-9.63000300517154240e-01,1.96651929195617670e+00,-4.77439215942302653e+00,-4.66647502552561877e-01,5.70282474167631648e+00,-2.87973150332438133e+00,1.84834101519999749e+00,-1.26854824601576621e+00,8.74719086021611636e-01,-5.80630404233463238e-01,3.51956001011860087e-01,-1.75147896939233771e-01,4.94360952964322531e-02},
{7.89192222711441599e-02,-2.87902749578671235e-01,6.14145556639274504e-01,-1.12803894697623530e+00,2.07471863394087430e+00,-4.70964051661370231e+00,-2.09681817598275561e-01,5.12682686771527596e+00,-2.48516241240348368e+00,1.52644033930910683e+00,-9.93549580311812064e-01,6.37650281418677634e-01,-3.78654077529868183e-01,1.86144318085616572e-01,-5.22151183679163827e-02},
{-6.09296583298957750e-02,2.19199847876610676e-01,-4.54170016586922021e-01,7.89875236930133173e-01,-1.30263141258792969e+00,2.23522873658467658e+00,-4.81860017931555884e+00,1.32897631525447543e-14,4.81860017931553397e+00,-2.23522873658465038e+00,1.30263141258791704e+00,-7.89875236930126845e-01,4.54170016586908587e-01,-2.19199847876596687e-01,6.09296583298917574e-02},
{5.22151183679199979e-02,-1.86144318085628646e-01,3.78654077529880451e-01,-6.37650281418684184e-01,9.93549580311826719e-01,-1.52644033930913126e+00,2.48516241240350721e+00,-5.12682686771529639e+00,2.09681817598302733e-01,4.70964051661367211e+00,-2.07471863394086142e+00,1.12803894697623641e+00,-6.14145556639258849e-01,2.87902749578655193e-01,-7.89192222711396218e-02},
{-4.94360952964355699e-02,1.75147896939245568e-01,-3.51956001011872910e-01,5.80630404233471453e-01,-8.74719086021625847e-01,1.26854824601579219e+00,-1.84834101520002458e+00,2.87973150332440797e+00,-5.70282474167633691e+00,4.66647502552592242e-01,4.77439215942301853e+00,-1.96651929195619046e+00,9.63000300517138808e-01,-4.29362507120741199e-01,1.15060725277557868e-01},
{5.19170049213297860e-02,-1.83146232962362487e-01,3.64961041712042522e-01,-5.93896236435009106e-01,8.75699419317945926e-01,-1.22734200679817307e+00,1.68806360361983332e+00,-2.35477039961837598e+00,3.52499470897894973e+00,-6.69907876463418717e+00,8.47151312978486892e-01,5.01368169233345373e+00,-1.86825638157303686e+00,7.54104760476490998e-01,-1.94083522317384460e-01},
{-6.14365768392422934e-02,2.16077062048295132e-01,-4.28102281028366893e-01,6.90209499788472902e-01,-1.00343307259524783e+00,1.37649490197559876e+00,-1.83045752409886142e+00,2.41247797791331475e+00,-3.23818155208094671e+00,4.66200832797914977e+00,-8.47099832750532933e+00,1.52438729686983088e+00,5.43864851481624445e+00,-1.68683949629876562e+00,3.99145249055852913e-01},
{8.51025413891222382e-02,-2.98697408235462925e-01,5.89479037040291365e-01,-9.44501138778638838e-01,1.36043967667871613e+00,-1.84084894200031357e+00,2.39814082116298044e+00,-3.06040048809285148e+00,3.88958581700807882e+00,-5.03681732732605614e+00,6.96416827335125088e+00,-1.19990243997799499e+01,3.02341796849937028e+00,5.98784493659453787e+00,-1.11788936751107681e+00},
{-1.52189657853432220e-01,5.33462279046824306e-01,-1.05016750961975291e+00,1.67606452393122973e+00,-2.40025783377158275e+00,3.22078569187893082e+00,-4.14485127254775243e+00,5.19310585153342164e+00,-6.41069300547875631e+00,7.89552511751538333e+00,-9.88306354731411396e+00,1.30844607498440482e+01,-2.10522087961872693e+01,7.71300431165321054e+00,5.77702309736961972e+00},
{5.06076706938853427e-01,-1.77269254029406298e+00,3.48512154967214283e+00,-5.55082267155193776e+00,7.92533834706678508e+00,-1.05888632214471556e+01,1.35426517494407097e+01,-1.68137252252004572e+01,2.04686990465858649e+01,-2.46451964868769835e+01,2.96276255590365594e+01,-3.60629548664301680e+01,4.57798352583666741e+01,-6.72902869633630871e+01,4.13891937580562299e+01}
};
#endif
#if p_cubNq==16
const dfloat c_D[16][16] = {
{-4.69226404421925665e+01,7.63692323932072838e+01,-5.21521189004914305e+01,4.13155440347875000e+01,-3.42095560059343171e+01,2.87548049950970324e+01,-2.42105642159735268e+01,2.02466483214146500e+01,-1.66987674241607067e+01,1.34823867375877757e+01,-1.05566262510855449e+01,7.90759358325595141e+00,-5.54084376065729867e+00,3.47964527458529682e+00,-1.77009464376195957e+00,5.05356304321874505e-01},
{-6.51663366635323715e+00,-8.76407798512710023e+00,2.38847505914747877e+01,-1.49286883841176294e+01,1.13642308969335151e+01,-9.17353312308838476e+00,7.55042614709789373e+00,-6.22639128560656285e+00,5.08827632260730667e+00,-4.08237205080262200e+00,3.18229307936276307e+00,-2.37618953745452899e+00,1.66123725166945646e+00,-1.04162356823661306e+00,5.29338578499789270e-01,-1.51043266858825909e-01},
{1.25169678421922259e+00,-6.71804651683685439e+00,-3.45309617943115699e+00,1.35878048193417094e+01,-7.94742345596081012e+00,5.80741782967721143e+00,-4.54562958690926422e+00,3.64043565539844272e+00,-2.92032074886242476e+00,2.31406289375058982e+00,-1.78838128679315589e+00,1.32726908023412626e+00,-9.23940321393398878e-01,5.77613189798104942e-01,-2.92976707361755073e-01,8.35145511294059645e-02},
{-4.42046241453468824e-01,1.87184979823167685e+00,-6.05726184701858283e+00,-1.75935591236409694e+00,9.55917884500929382e+00,-5.31463252825866661e+00,3.74106397182485440e+00,-2.83631646347264210e+00,2.20254368655970234e+00,-1.70926298345493755e+00,1.30252050469164038e+00,-9.57310738199388944e-01,6.61897116921548512e-01,-4.11880250865237607e-01,2.08296036084495068e-01,-5.92829942361911763e-02},
{2.11776223755843152e-01,-8.24451151838203056e-01,2.04988235828131993e+00,-5.53090403078166126e+00,-9.99429495816776758e-01,7.52047981908150476e+00,-4.00947160684011017e+00,2.72493200659462964e+00,-1.99858409454382069e+00,1.49895064287236224e+00,-1.11741582936034378e+00,8.09223537123352821e-01,-5.53896302858896017e-01,3.42343086075725445e-01,-1.72387574566868568e-01,4.89524128219426466e-02},
{-1.23160762452087055e-01,4.60461891536128209e-01,-1.03637716980782146e+00,2.12755578872155171e+00,-5.20328638691307610e+00,-5.79606200428782192e-01,6.35716803434858679e+00,-3.26473961794632528e+00,2.14295054788616390e+00,-1.51630300524010275e+00,1.09166306648747669e+00,-7.73120161652391724e-01,5.21425521887063481e-01,-3.19150023453192544e-01,1.59733951039831651e-01,-4.52154740130243787e-02},
{8.24474414259326327e-02,-3.01327559280977986e-01,6.44969439616522866e-01,-1.19072968409133395e+00,2.20561472360148780e+00,-5.05445135399637824e+00,-3.05858283916911999e-01,5.66336637625795980e+00,-2.80586394974453279e+00,1.77554579342622887e+00,-1.20558080838741977e+00,8.24574390857638617e-01,-5.44035116118461448e-01,3.28337322538971299e-01,-1.62922089717812940e-01,4.59133575290915918e-02},
{-6.17439657681910919e-02,2.22521976279101613e-01,-4.62559454443936591e-01,8.08428918717110423e-01,-1.34235470340071350e+00,2.32449163925109215e+00,-5.07158568006241506e+00,-9.58780370263541543e-02,5.26246492019238410e+00,-2.51267152472842881e+00,1.52577884144506681e+00,-9.84541541939421339e-01,6.27786085891344992e-01,-3.71060526888305875e-01,1.81847437981953797e-01,-5.09243855002814369e-02},
{5.09243855002818394e-02,-1.81847437981956073e-01,3.71060526888301434e-01,-6.27786085891337997e-01,9.84541541939420894e-01,-1.52577884144505904e+00,2.51267152472841460e+00,-5.26246492019237522e+00,9.58780370263464105e-02,5.07158568006243193e+00,-2.32449163925110280e+00,1.34235470340071483e+00,-8.08428918717116418e-01,4.62559454443939977e-01,-2.22521976279096728e-01,6.17439657681898638e-02},
{-4.59133575290915849e-02,1.62922089717814245e-01,-3.28337322538966636e-01,5.44035116118452566e-01,-8.24574390857635176e-01,1.20558080838740689e+00,-1.77554579342621399e+00,2.80586394974451814e+00,-5.66336637625793760e+00,3.05858283916876195e-01,5.05445135399639867e+00,-2.20561472360147981e+00,1.19072968409134261e+00,-6.44969439616527418e-01,3.01327559280970714e-01,-8.24474414259310784e-02},
{4.52154740130240804e-02,-1.59733951039833622e-01,3.19150023453189213e-01,-5.21425521887057264e-01,7.73120161652390392e-01,-1.09166306648746603e+00,1.51630300524008965e+00,-2.14295054788615547e+00,3.26473961794631995e+00,-6.35716803434861255e+00,5.79606200428832263e-01,5.20328638691304679e+00,-2.12755578872156237e+00,1.03637716980783012e+00,-4.60461891536116830e-01,1.23160762452084321e-01},
{-4.89524128219443258e-02,1.72387574566871871e-01,-3.42343086075724390e-01,5.53896302858891576e-01,-8.09223537123352044e-01,1.11741582936034090e+00,-1.49895064287235313e+00,1.99858409454381936e+00,-2.72493200659463097e+00,4.00947160684012616e+00,-7.52047981908151630e+00,9.99429495816771540e-01,5.53090403078169945e+00,-2.04988235828134835e+00,8.24451151838188401e-01,-2.11776223755840487e-01},
{5.92829942361913151e-02,-2.08296036084494512e-01,4.11880250865231723e-01,-6.61897116921535411e-01,9.57310738199379285e-01,-1.30252050469161929e+00,1.70926298345491179e+00,-2.20254368655967570e+00,2.83631646347261412e+00,-3.74106397182483041e+00,5.31463252825861510e+00,-9.55917884500915527e+00,1.75935591236386779e+00,6.05726184701867965e+00,-1.87184979823163444e+00,4.42046241453459721e-01},
{-8.35145511294064780e-02,2.92976707361756850e-01,-5.77613189798093951e-01,9.23940321393378894e-01,-1.32726908023411405e+00,1.78838128679313058e+00,-2.31406289375055918e+00,2.92032074886239768e+00,-3.64043565539841962e+00,4.54562958690925800e+00,-5.80741782967719899e+00,7.94742345596078081e+00,-1.35878048193419652e+01,3.45309617943166725e+00,6.71804651683656573e+00,-1.25169678421918062e+00},
{1.51043266858827435e-01,-5.29338578499806034e-01,1.04162356823661284e+00,-1.66123725166945779e+00,2.37618953745456052e+00,-3.18229307936280881e+00,4.08237205080267707e+00,-5.08827632260739371e+00,6.22639128560667920e+00,-7.55042614709805981e+00,9.17353312308857127e+00,-1.13642308969337051e+01,1.49286883841180860e+01,-2.38847505914749902e+01,8.76407798512695990e+00,6.51663366635324781e+00},
{-5.05356304321904704e-01,1.77009464376200487e+00,-3.47964527458528217e+00,5.54084376065728534e+00,-7.90759358325605710e+00,1.05566262510856248e+01,-1.34823867375879054e+01,1.66987674241608985e+01,-2.02466483214149235e+01,2.42105642159739496e+01,-2.87548049950974693e+01,3.42095560059347790e+01,-4.13155440347885730e+01,5.21521189004919563e+01,-7.63692323932068575e+01,4.69226404421924457e+01}
};
#endif
#if p_cubNq==17
const dfloat c_D[17][17] = {
{-5.28018897669266281e+01,8.60155770341922903e+01,-5.89230072079881140e+01,4.68979389014109245e+01,-3.90818642471703015e+01,3.31296342258019152e+01,-2.82015447339935648e+01,2.39195010850171137e+01,-2.00917390476847793e+01,1.66157633363434520e+01,-1.34374593976580119e+01,1.05318373959813663e+01,-7.89355246748595984e+00,5.53276356989988560e+00,-3.47514273796902762e+00,1.76794115393816109e+00,-5.04757095708789350e-01},
{-7.30261008803778910e+00,-9.88063320982070614e+00,2.68940961693396154e+01,-1.68879404403628612e+01,1.29381181821042706e+01,-1.05324950736934593e+01,8.76414099608225428e+00,-7.32963835962234800e+00,6.09990809168106640e+00,-5.01247365830430613e+00,4.03531778086234638e+00,-3.15237234429681701e+00,2.35703229620130417e+00,-1.64923618131539484e+00,1.03463175061493540e+00,-5.25941805117439043e-01,1.50095893685337323e-01},
{1.39404917570811815e+00,-7.49461172851094837e+00,-3.90906357908741375e+00,1.52755393379559727e+01,-8.99142612461019830e+00,6.62554772381903589e+00,-5.24254481341537115e+00,4.25763147901393335e+00,-3.47777125227921591e+00,2.82209143873926926e+00,-2.25205882773387289e+00,1.74826548420630945e+00,-1.30124862516300799e+00,9.07523420646353496e-01,-5.68027447862310741e-01,2.88322135981976480e-01,-8.22177974086401864e-02},
{-4.87863399911704576e-01,2.06928430899686289e+00,-6.71657461953115398e+00,-2.00781603333531233e+00,1.07150948362325629e+01,-6.00682593279085264e+00,4.27391730609609422e+00,-3.28541640846680094e+00,2.59741040923506317e+00,-2.06375814398084723e+00,1.62348054341967529e+00,-1.24769750116326472e+00,9.22041068478944181e-01,-6.39783801066776125e-01,3.99033293613261952e-01,-2.02081394346311394e-01,5.75554685205591152e-02},
