// Differentiation matrices on GLL points
#if p_Nq==2
const dfloat c_D[2][2] = {
{-5.0000000000000011e-01,5.0000000000000011e-01},
{-5.0000000000000011e-01,5.0000000000000011e-01}
};
#endif
#if p_Nq==3
const dfloat c_D[3][3] = {
{-1.4999999999999998e+00,1.9999999999999996e+00,-4.9999999999999989e-01},
{-5.0000000000000011e-01,5.0912967432653454e-18,5.0000000000000011e-01},
{4.9999999999999950e-01,-1.9999999999999996e+00,1.5000000000000002e+00}
};
#endif
#if p_Nq==4
const dfloat c_D[4][4] = {
{-2.9999999999999987e+00,4.0450849718747355e+00,-1.5450849718747366e+00,4.9999999999999972e-01},
{-8.0901699437494712e-01,-3.5569913922209755e-16,1.1180339887498949e+00,-3.0901699437494734e-01},
{3.0901699437494740e-01,-1.1180339887498949e+00,3.5667305859846769e-16,8.0901699437494723e-01},
{-5.0000000000000000e-01,1.5450849718747361e+00,-4.0450849718747355e+00,2.9999999999999991e+00}
};
#endif
#if p_Nq==5
const dfloat c_D[5][5] = {
{-4.9999999999999982e+00,6.7565024887242364e+00,-2.6666666666666687e+00,1.4101641779424272e+00,-5.0000000000000078e-01},
{-1.2409902530309811e+00,-2.8572081034420949e-15,1.7457431218879405e+00,-7.6376261582597371e-01,2.5900974696901735e-01},
{3.7499999999999961e-01,-1.3365845776954532e+00,4.0707063020127043e-16,1.3365845776954532e+00,-3.7500000000000000e-01},
{-2.5900974696901713e-01,7.6376261582597316e-01,-1.7457431218879389e+00,-1.7560784101284115e-17,1.2409902530309831e+00},
{5.0000000000000078e-01,-1.4101641779424265e+00,2.6666666666666647e+00,-6.7565024887242373e+00,4.9999999999999991e+00}
};
#endif
#if p_Nq==6
const dfloat c_D[6][6] = {
{-7.4999999999999858e+00,1.0141415936319667e+01,-4.0361872703053594e+00,2.2446846481761686e+00,-1.3499133141904902e+00,5.0000000000000100e-01},
{-1.7863649483390858e+00,-1.4588400805173184e-14,2.5234267774294605e+00,-1.1528281585359288e+00,6.5354750742980061e-01,-2.3778117798423146e-01},
{4.8495104785356802e-01,-1.7212569528302351e+00,4.9392278718701951e-15,1.7529619663678633e+00,-7.8635667222324046e-01,2.6970061083203906e-01},
{-2.6970061083203861e-01,7.8635667222324113e-01,-1.7529619663678662e+00,-3.8593327214863134e-16,1.7212569528302339e+00,-4.8495104785356957e-01},
{2.3778117798423093e-01,-6.5354750742979995e-01,1.1528281585359286e+00,-2.5234267774294543e+00,-9.5917480444983212e-16,1.7863649483390960e+00},
{-4.9999999999999772e-01,1.3499133141904862e+00,-2.2446846481761660e+00,4.0361872703053407e+00,-1.0141415936319667e+01,7.5000000000000009e+00}
};
#endif
#if p_Nq==7
const dfloat c_D[7][7] = {
{-1.0499999999999988e+01,1.4201576602919808e+01,-5.6689852255455113e+00,3.2000000000000015e+00,-2.0499648130767425e+00,1.3173734357024331e+00,-4.9999999999999889e-01},
{-2.4429260142442830e+00,-1.0525630024092558e-14,3.4558282142942902e+00,-1.5986066880983687e+00,9.6133979728871377e-01,-6.0224717963578633e-01,2.2661187039544534e-01},
{6.2525666551534120e-01,-2.2158042831699696e+00,-1.3508747024475502e-15,2.2666980870859996e+00,-1.0664419040063751e+00,6.1639083551757967e-01,-2.2609940094257427e-01},
{-3.1249999999999933e-01,9.0754447126882087e-01,-2.0069692405887540e+00,1.9551499939977477e-15,2.0069692405887536e+00,-9.0754447126882087e-01,3.1249999999999944e-01},
{2.2609940094257455e-01,-6.1639083551757934e-01,1.0664419040063748e+00,-2.2666980870859978e+00,-3.1183422310115777e-15,2.2158042831699722e+00,-6.2525666551534098e-01},
{-2.2661187039544539e-01,6.0224717963578667e-01,-9.6133979728871410e-01,1.5986066880983676e+00,-3.4558282142942933e+00,1.8866986865463580e-14,2.4429260142442781e+00},
{4.9999999999999728e-01,-1.3173734357024265e+00,2.0499648130767381e+00,-3.2000000000000064e+00,5.6689852255455193e+00,-1.4201576602919811e+01,1.0499999999999989e+01}
};
#endif
#if p_Nq==8
const dfloat c_D[8][8] = {
{-1.4000000000000023e+01,1.8937598607117327e+01,-7.5692898193484268e+00,4.2979081642651646e+00,-2.8101889892579437e+00,1.9416594255441166e+00,-1.2976873883202278e+00,4.9999999999999911e-01},
{-3.2099157030030141e+00,4.4318946521533225e-14,4.5435850645665496e+00,-2.1120612143145525e+00,1.2942320509135081e+00,-8.6944809833149661e-01,5.7356541494026692e-01,-2.1995751477130568e-01},
{7.9247668132051563e-01,-2.8064757947364125e+00,-3.5844396536000755e-14,2.8755174059725235e+00,-1.3727858318060353e+00,8.4502255650651348e-01,-5.3703958615766290e-01,2.0328456890059388e-01},
{-3.7215043572859446e-01,1.0789446887904450e+00,-2.3781872335155003e+00,7.7942246342872131e-16,2.3889243591582399e+00,-1.1353580168811102e+00,6.6115735090031014e-01,-2.4333071272379106e-01},
{2.4333071272379087e-01,-6.6115735090030736e-01,1.1353580168811084e+00,-2.3889243591582403e+00,8.7054398683358649e-16,2.3781872335155048e+00,-1.0789446887904510e+00,3.7215043572859507e-01},
{-2.0328456890059285e-01,5.3703958615765901e-01,-8.4502255650650837e-01,1.3727858318060309e+00,-2.8755174059725102e+00,6.6371411436440808e-15,2.8064757947364294e+00,-7.9247668132051552e-01},
{2.1995751477130460e-01,-5.7356541494026203e-01,8.6944809833149195e-01,-1.2942320509135030e+00,2.1120612143145445e+00,-4.5435850645665639e+00,-7.1289361599495880e-15,3.2099157030029959e+00},
{-5.0000000000000266e-01,1.2976873883202196e+00,-1.9416594255441049e+00,2.8101889892579459e+00,-4.2979081642651682e+00,7.5692898193484588e+00,-1.8937598607117351e+01,1.4000000000000004e+01}
};
#endif
#if p_Nq==9
const dfloat c_D[9][9] = {
{-1.7999999999999964e+01,2.4349745171593057e+01,-9.7387016572115588e+00,5.5449639069493530e+00,-3.6571428571428513e+00,2.5907456765593455e+00,-1.8744408734469742e+00,1.2848306326995864e+00,-5.0000000000000200e-01},
{-4.0870137020336372e+00,-6.8853254166458220e-14,5.7868058166373313e+00,-2.6960654403140443e+00,1.6652216450053812e+00,-1.1456537384551286e+00,8.1675638174138243e-01,-5.5570498128371526e-01,2.1565401870250017e-01},
{9.8536009007450831e-01,-3.4883587534344787e+00,4.1886386685437037e-14,3.5766809401255961e+00,-1.7178321571950610e+00,1.0798038112826289e+00,-7.3834927719038379e-01,4.9235093831550680e-01,-1.8965559197835782e-01},
{-4.4461344928109026e-01,1.2879607500639114e+00,-2.8344589120794148e+00,-1.9085340013008989e-14,2.8519159684629041e+00,-1.3769648937605146e+00,8.5572618509267551e-01,-5.4730016053405250e-01,2.0773451203559937e-01},
{2.7343749999999978e-01,-7.4178239791625611e-01,1.2694130863581479e+00,-2.6593102175739172e+00,5.9489763973631817e-15,2.6593102175739145e+00,-1.2694130863581459e+00,7.4178239791625389e-01,-2.7343750000000205e-01},
{-2.0773451203559712e-01,5.4730016053405273e-01,-8.5572618509267540e-01,1.3769648937605117e+00,-2.8519159684628974e+00,2.9134366977937039e-16,2.8344589120794166e+00,-1.2879607500639061e+00,4.4461344928109414e-01},
{1.8965559197835638e-01,-4.9235093831550902e-01,7.3834927719038757e-01,-1.0798038112826327e+00,1.7178321571950670e+00,-3.5766809401256228e+00,1.8920974709052988e-14,3.4883587534344516e+00,-9.8536009007451664e-01},
{-2.1565401870249912e-01,5.5570498128371926e-01,-8.1675638174138543e-01,1.1456537384551289e+00,-1.6652216450053827e+00,2.6960654403140518e+00,-5.7868058166372824e+00,-7.6265727670446338e-14,4.0870137020337260e+00},
{4.9999999999999001e-01,-1.2848306326995689e+00,1.8744408734469515e+00,-2.5907456765593220e+00,3.6571428571428175e+00,-5.5449639069493175e+00,9.7387016572114362e+00,-2.4349745171593046e+01,1.8000000000000060e+01}
};
#endif
#if p_Nq==10
const dfloat c_D[10][10] = {
{-2.2499999999999993e+01,3.0438145029281841e+01,-1.2177946707429747e+01,6.9437884851339398e+00,-4.5993547611031111e+00,3.2946430337491694e+00,-2.4528841754426884e+00,1.8295639319032464e+00,-1.2759548360926520e+00,4.9999999999998962e-01},
{-5.0740647029780748e+00,2.6393249053244593e-14,7.1855028697058270e+00,-3.3516638627467952e+00,2.0782079940364238e+00,-1.4449484487514592e+00,1.0591544636454491e+00,-7.8323929313791507e-01,5.4375373823570383e-01,-2.1270275800918545e-01},
{1.2033519928522045e+00,-4.2592973549651836e+00,-5.6624745025014641e-14,4.3686745570102108e+00,-2.1043501794131596e+00,1.3349154838782546e+00,-9.3660321313945272e-01,6.7679708719609055e-01,-4.6427495890815512e-01,1.8078658548924689e-01},
{-5.2836937682027207e-01,1.5299026381815952e+00,-3.3641258682978221e+00,1.7895318566291496e-14,3.3873181012024363e+00,-1.6464940839870579e+00,1.0461893655024956e+00,-7.2123731272160618e-01,4.8346232633394470e-01,-1.8664578939373230e-01},
{3.1204725560841101e-01,-8.4581357340642149e-01,1.4448503156016612e+00,-3.0202179581993480e+00,-4.8121759413245195e-15,3.0251884877519784e+00,-1.4680555093899998e+00,9.1655518033644101e-01,-5.8808214304516659e-01,2.2352794474245011e-01},
{-2.2352794474245316e-01,5.8808214304516659e-01,-9.1655518033643424e-01,1.4680555093899932e+00,-3.0251884877519708e+00,-3.7779407605269179e-15,3.0202179581993551e+00,-1.4448503156016688e+00,8.4581357340642005e-01,-3.1204725560840563e-01},
{1.8664578939373486e-01,-4.8346232633394376e-01,7.2123731272159963e-01,-1.0461893655024894e+00,1.6464940839870501e+00,-3.3873181012024305e+00,-2.2853635123693895e-14,3.3641258682978319e+00,-1.5299026381815897e+00,5.2836937682026075e-01},
{-1.8078658548924861e-01,4.6427495890815335e-01,-6.7679708719608300e-01,9.3660321313944506e-01,-1.3349154838782460e+00,2.1043501794131503e+00,-4.3686745570102028e+00,3.6151042001609482e-14,4.2592973549651711e+00,-1.2033519928521754e+00},
{2.1270275800919097e-01,-5.4375373823570761e-01,7.8323929313791296e-01,-1.0591544636454473e+00,1.4449484487514650e+00,-2.0782079940364357e+00,3.3516638627468192e+00,-7.1855028697059193e+00,1.9530870893294662e-13,5.0740647029779256e+00},
{-5.0000000000000477e-01,1.2759548360926785e+00,-1.8295639319032817e+00,2.4528841754427280e+00,-3.2946430337492321e+00,4.5993547611031973e+00,-6.9437884851340792e+00,1.2177946707430010e+01,-3.0438145029281827e+01,2.2499999999999805e+01}
};
#endif
#if p_Nq==11
const dfloat c_D[11][11] = {
{-2.7500000000000089e+01,3.7202867381961831e+01,-1.4887396295098435e+01,8.4956194946333863e+00,-5.6403879976857887e+00,4.0634920634920020e+00,-3.0655392008818199e+00,2.3597699130885563e+00,-1.7979880357947582e+00,1.2695626762851226e+00,-4.9999999999998773e-01},
{-6.1709856973179731e+00,1.2542458754677476e-13,8.7396700535202800e+00,-4.0793161937127289e+00,2.5347411786864913e+00,-1.7719070552690201e+00,1.3155267144392480e+00,-1.0033862429739608e+00,7.6040098224391461e-01,-5.3533108592943957e-01,2.1058734631306328e-01},
{1.4461724827922786e+00,-5.1182118247757771e+00,-2.8129668234327512e-14,5.2506617554544555e+00,-2.5331834086094549e+00,1.6144191079350469e+00,-1.1460685342801638e+00,8.5291681355850268e-01,-6.3736205641816090e-01,4.4531352729091339e-01,-1.7465786294760921e-01},
{-6.2272521473867504e-01,1.8026467998794671e+00,-3.9619965770457819e+00,-4.7138792618574788e-15,3.9907957880288945e+00,-1.9463494545710478e+00,1.2490552915691873e+00,-8.8458731455643780e-01,6.4358620935983379e-01,-4.4339563643725943e-01,1.7297010851182315e-01},
{3.5747637311649921e-01,-9.6848713880216175e-01,1.6527366342270526e+00,-3.4506147161735616e+00,4.6040727374271114e-15,3.4588513480770788e+00,-1.6905705704687983e+00,1.0799872504956929e+00,-7.4773482468823782e-01,5.0264331301284759e-01,-1.9428766879641621e-01},
{-2.4609375000000297e-01,6.4693996383210228e-01,-1.0065054085767782e+00,1.6081279037255152e+00,-3.3051768533783190e+00,-1.7493384319680471e-15,3.3051768533783243e+00,-1.6081279037255241e+00,1.0065054085767857e+00,-6.4693996383209840e-01,2.4609374999999761e-01},
{1.9428766879641948e-01,-5.0264331301285026e-01,7.4773482468823049e-01,-1.0799872504956851e+00,1.6905705704687937e+00,-3.4588513480770726e+00,-9.2021542203685462e-15,3.4506147161735745e+00,-1.6527366342270640e+00,9.6848713880215531e-01,-3.5747637311649133e-01},
{-1.7297010851182534e-01,4.4339563643725999e-01,-6.4358620935982536e-01,8.8458731455642758e-01,-1.2490552915691790e+00,1.9463494545710363e+00,-3.9907957880288776e+00,-2.8434608450701683e-14,3.9619965770458041e+00,-1.8026467998794502e+00,6.2272521473865927e-01},
{1.7465786294761237e-01,-4.4531352729091339e-01,6.3736205641815213e-01,-8.5291681355848981e-01,1.1460685342801555e+00,-1.6144191079350401e+00,2.5331834086094456e+00,-5.2506617554544750e+00,6.8606332229301129e-14,5.1182118247757167e+00,-1.4461724827922344e+00},
{-2.1058734631306894e-01,5.3533108592944678e-01,-7.6040098224391350e-01,1.0033862429739639e+00,-1.3155267144392575e+00,1.7719070552690355e+00,-2.5347411786865135e+00,4.0793161937127955e+00,-8.7396700535204115e+00,1.3864713858346714e-13,6.1709856973177875e+00},
{4.9999999999999678e-01,-1.2695626762851329e+00,1.7979880357947660e+00,-2.3597699130885781e+00,3.0655392008818594e+00,-4.0634920634920872e+00,5.6403879976859255e+00,-8.4956194946336314e+00,1.4887396295098792e+01,-3.7202867381961774e+01,2.7499999999999851e+01}
};
#endif
#if p_Nq==12
const dfloat c_D[12][12] = {
{-3.3000000000000007e+01,4.4643952189487109e+01,-1.7867257522388847e+01,1.0201110245689383e+01,-6.7819798620814540e+00,4.9016846104485987e+00,-3.7238434556063038e+00,2.9098099563036475e+00,-2.2935424893001768e+00,1.7748692360717100e+00,-1.2648029086236718e+00,4.9999999999998668e-01},
{-7.3777289460344582e+00,6.6885457724417946e-14,1.0449299023483231e+01,-4.8792524980579195e+00,3.0355489807328699e+00,-2.1284509054082021e+00,1.5909399322805393e+00,-1.2313709301034643e+00,9.6492793549424827e-01,-7.4405189558314500e-01,5.2915693206509251e-01,-2.0901762886886074e-01},
{1.7136668943256361e+00,-6.0645084594499448e+00,-7.1888418430866566e-14,6.2221575136089378e+00,-3.0046393831034370e+00,1.9198559674048574e+00,-1.3713037255774527e+00,1.0347734625083438e+00,-7.9869538514769600e-01,6.1029246899174439e-01,-4.3182887243373924e-01,1.7022951887282198e-01},
{-7.2732307773169524e-01,2.1051020723547906e+00,-4.6254332489213184e+00,-4.1001166204292155e-14,4.6600244900098300e+00,-2.2769655093429213e+00,1.4687654451305363e+00,-1.0532612660054208e+00,7.9004398823481847e-01,-5.9373491946195367e-01,4.1630798928534085e-01,-1.6352596355196611e-01},
{4.0894248916054016e-01,-1.1075999414156086e+00,1.8889896823631491e+00,-3.9410687647002929e+00,2.6253285160943437e-14,3.9519780268177325e+00,-1.9386580353228542e+00,1.2514675303792400e+00,-8.9076250251935596e-01,6.5055274361827387e-01,-4.4929809359037248e-01,1.7545686520952228e-01},
{-2.7364227895509913e-01,7.1902072872734168e-01,-1.1174754037876997e+00,1.7828481722138121e+00,-3.6588669370808882e+00,-5.3992635495756838e-15,3.6615837503189730e+00,-1.7948712618376421e+00,1.1500331377515853e+00,-7.9818393174913249e-01,5.3744194266505529e-01,-2.0788791826630118e-01},
{2.0788791826630440e-01,-5.3744194266505529e-01,7.9818393174912849e-01,-1.1500331377515871e+00,1.7948712618376423e+00,-3.6615837503189694e+00,3.2678850684295247e-15,3.6588669370808873e+00,-1.7828481722138096e+00,1.1174754037877024e+00,-7.1902072872734091e-01,2.7364227895509419e-01},
{-1.7545686520952558e-01,4.4929809359037376e-01,-6.5055274361827153e-01,8.9076250251935840e-01,-1.2514675303792409e+00,1.9386580353228529e+00,-3.9519780268177391e+00,-1.6180411107825376e-14,3.9410687647002880e+00,-1.8889896823631551e+00,1.1075999414156075e+00,-4.0894248916053305e-01},
{1.6352596355196899e-01,-4.1630798928534291e-01,5.9373491946195212e-01,-7.9004398823481914e-01,1.0532612660054201e+00,-1.4687654451305354e+00,2.2769655093429240e+00,-4.6600244900098273e+00,3.3746459775162760e-14,4.6254332489213343e+00,-2.1051020723547920e+00,7.2732307773168281e-01},
{-1.7022951887282417e-01,4.3182887243373735e-01,-6.1029246899173983e-01,7.9869538514769578e-01,-1.0347734625083413e+00,1.3713037255774454e+00,-1.9198559674048503e+00,3.0046393831034237e+00,-6.2221575136089085e+00,1.3947819241818274e-14,6.0645084594499474e+00,-1.7136668943256006e+00},
{2.0901762886886383e-01,-5.2915693206509096e-01,7.4405189558314655e-01,-9.6492793549425493e-01,1.2313709301034661e+00,-1.5909399322805400e+00,2.1284509054082026e+00,-3.0355489807328806e+00,4.8792524980579399e+00,-1.0449299023483356e+01,2.4237508653319526e-13,7.3777289460342574e+00},
{-5.0000000000000200e-01,1.2648029086237031e+00,-1.7748692360717269e+00,2.2935424893001950e+00,-2.9098099563036852e+00,3.7238434556063695e+00,-4.9016846104487009e+00,6.7819798620815535e+00,-1.0201110245689540e+01,1.7867257522389231e+01,-4.4643952189487116e+01,3.2999999999999716e+01}
};
#endif
#if p_Nq==13
const dfloat c_D[13][13] = {
{-3.8999999999999716e+01,5.2761423861885433e+01,-2.1117653743253470e+01,1.2060634700675132e+01,-8.0250707637857808e+00,5.8114203470626604e+00,-4.4329004329004071e+00,3.4921594903866300e+00,-2.7983396009521200e+00,2.2445689249230898e+00,-1.7574041792619479e+00,1.2611613952205181e+00,-5.0000000000000622e-01},
{-8.6942653730762238e+00,-4.9394457829790521e-13,1.2314382672619013e+01,-5.7515991079909581e+00,3.5810139729465513e+00,-2.5155193531809785e+00,1.8876092211998445e+00,-1.4726326445156790e+00,1.1728770342145884e+00,-9.3710073512540126e-01,7.3190289646176465e-01,-5.2448844597707389e-01,2.0781986242504760e-01},
{2.0057437109865339e+00,-7.0978372191906365e+00,2.2449334499792597e-13,7.2828663584715141e+00,-3.5188440479433289e+00,2.2519187432265730e+00,-1.6141880026437561e+00,1.2271720543746703e+00,-9.6210166250903451e-01,7.6110268434546624e-01,-5.9077383912087589e-01,4.2185855007500045e-01,-1.6691733007234852e-01},
{-8.4196112812569801e-01,2.4366553254107037e+00,-5.3529654960341722e+00,9.3706110442861204e-15,5.3936695496020510e+00,-2.6383574301477042e+00,1.7068898658190690e+00,-1.2322102992762696e+00,9.3783205652271018e-01,-7.2866278366509118e-01,5.5941660984909936e-01,-3.9700115634226607e-01,1.5669488638755977e-01},
{4.6603501783800783e-01,-1.2619998726206796e+00,2.1514929403388261e+00,-4.4867527492484660e+00,-1.3156783121570623e-15,4.5001367659056761e+00,-2.2121103052236433e+00,1.4358640069894528e+00,-1.0353900007045704e+00,7.8014059245565981e-01,-5.8824855735968817e-01,4.1333842284915262e-01,-1.6250626121972275e-01},
{-3.0533019593227589e-01,8.0204501715149235e-01,-1.2456912330433521e+00,1.9856340883685115e+00,-4.0713974423791184e+00,-2.5400105742725320e-14,4.0759814675861215e+00,-2.0057208766898231e+00,1.2990656395049738e+00,-9.2736440723452152e-01,6.7883331677411662e-01,-4.6953233459914917e-01,1.8347696049304935e-01},
{2.2558593749999958e-01,-5.8293449062216018e-01,8.6486512950909866e-01,-1.2442500548651974e+00,1.9384791997533137e+00,-3.9479239708828344e+00,-1.0886107854189896e-14,3.9479239708828513e+00,-1.9384791997533253e+00,1.2442500548652031e+00,-8.6486512950908268e-01,5.8293449062215019e-01,-2.2558593750000280e-01},
{-1.8347696049304574e-01,4.6953233459915555e-01,-6.7883331677412639e-01,9.2736440723451574e-01,-1.2990656395049627e+00,2.0057208766898098e+00,-4.0759814675861090e+00,1.4782333326686165e-14,4.0713974423791308e+00,-1.9856340883685120e+00,1.2456912330433274e+00,-8.0204501715147569e-01,3.0533019593227917e-01},
{1.6250626121971995e-01,-4.1333842284915734e-01,5.8824855735969561e-01,-7.8014059245565393e-01,1.0353900007045591e+00,-1.4358640069894415e+00,2.2121103052236335e+00,-4.5001367659056744e+00,-8.1519868925509560e-15,4.4867527492484651e+00,-2.1514929403387786e+00,1.2619998726206483e+00,-4.6603501783801188e-01},
{-1.5669488638755777e-01,3.9700115634227207e-01,-5.5941660984910768e-01,7.2866278366508574e-01,-9.3783205652270396e-01,1.2322102992762627e+00,-1.7068898658190665e+00,2.6383574301477144e+00,-5.3936695496020919e+00,4.7433470139388042e-14,5.3529654960340727e+00,-2.4366553254106385e+00,8.4196112812570578e-01},
{1.6691733007234880e-01,-4.2185855007501633e-01,5.9077383912089765e-01,-7.6110268434547701e-01,9.6210166250904994e-01,-1.2271720543746907e+00,1.6141880026437858e+00,-2.2519187432266294e+00,3.5188440479434306e+00,-7.2828663584716828e+00,7.7730078042581600e-14,7.0978372191904899e+00,-2.0057437109865823e+00},
{-2.0781986242504943e-01,5.2448844597708977e-01,-7.3190289646179241e-01,9.3710073512542225e-01,-1.1728770342146000e+00,1.4726326445156948e+00,-1.8876092211998752e+00,2.5155193531810180e+00,-3.5810139729466144e+00,5.7515991079910318e+00,-1.2314382672618702e+01,-3.3753081752764031e-13,8.6942653730767177e+00},
{4.9999999999998773e-01,-1.2611613952205172e+00,1.7574041792619484e+00,-2.2445689249230485e+00,2.7983396009520387e+00,-3.4921594903865665e+00,4.4329004329003796e+00,-5.8114203470626125e+00,8.0250707637857133e+00,-1.2060634700674949e+01,2.1117653743252642e+01,-5.2761423861885255e+01,3.9000000000000220e+01}
};
#endif
#if p_Nq==14
const dfloat c_D[14][14] = {
{-4.5499999999999424e+01,6.1555298004761880e+01,-2.4638662334741891e+01,1.4074420556413305e+01,-9.3702101637322794e+00,6.7939154318682604e+00,-5.1953256709004316e+00,4.1125259021189544e+00,-3.3256852669451811e+00,2.7153980647636833e+00,-2.2072338895181440e+00,1.7438715911435796e+00,-1.2583122252323635e+00,5.0000000000003575e-01},
{-1.0120576431103016e+01,-3.5668075654286907e-13,1.4334915530984492e+01,-6.6964304499037048e+00,4.1713545440670998e+00,-2.9336218244934997e+00,2.2066510872778964e+00,-1.7296247259132453e+00,1.3899751754723126e+00,-1.1302436894620367e+00,9.1622278960158554e-01,-7.2260595248552106e-01,5.2086857591578295e-01,-2.0688462995778464e-01},
{2.3223458041906766e+00,-8.2179801814281426e+00,-2.9880802725269305e-13,8.4326002703266347e+00,-4.0758531753468308e+00,2.6109572123450189e+00,-1.8756235373162409e+00,1.4321980886146082e+00,-1.1325281260796574e+00,9.1135607121615070e-01,-7.3375344314060231e-01,5.7616892465509872e-01,-4.1425855518106691e-01,1.6437064714465008e-01},
{-9.6651776275834045e-01,2.7969381816811199e+00,-6.1437150940127712e+00,-3.4485889879405434e-14,6.1909191054119663e+00,-3.0304534027397856e+00,1.9640814389985048e+00,-1.4234161812380404e+00,1.0920131029770914e+00,-8.6236470105992136e-01,6.8599470552488950e-01,-5.3458861553888815e-01,3.8268425578884435e-01,-1.5157503303463432e-01},
{5.2851910685372405e-01,-1.4310297221350858e+00,2.4390467767088047e+00,-5.0849557030655976e+00,3.0487319425799432e-14,5.1007841560246714e+00,-2.5105003512724884e+00,1.6347468966952354e+00,-1.1871221785866013e+00,9.0803527197777667e-01,-7.0830941740843334e-01,5.4536804745048040e-01,-3.8774270942187961e-01,1.5315982617936624e-01},
{-3.4070956954608694e-01,8.9480522666319906e-01,-1.3891661355079534e+00,2.2130564390481253e+00,-4.5351304202646485e+00,-1.1982662423164841e-14,4.5412217970334181e+00,-2.2395899516810993e+00,1.4588998159869637e+00,-1.0554757347103236e+00,7.9746701496332850e-01,-6.0256434414989934e-01,4.2396638910998674e-01,-1.6678052694500003e-01},
{2.4649541067035768e-01,-6.3678073936276980e-01,9.4413038123586801e-01,-1.3569887173248998e+00,2.1117620792993024e+00,-4.2963987320042278e+00,2.6453256428709353e-14,4.2980483748597278e+00,-2.1188507980160316e+00,1.3751029765613803e+00,-9.8344175533912959e-01,7.2092384239523599e-01,-4.9912363496752760e-01,1.9512131199268756e-01},
{-1.9512131199267194e-01,4.9912363496751755e-01,-7.2092384239524809e-01,9.8344175533914757e-01,-1.3751029765613980e+00,2.1188507980160445e+00,-4.2980483748597473e+00,-6.5825189209908177e-15,4.2963987320042074e+00,-2.1117620792992873e+00,1.3569887173248829e+00,-9.4413038123585191e-01,6.3678073936278468e-01,-2.4649541067037883e-01},
{1.6678052694498766e-01,-4.2396638910997925e-01,6.0256434414991222e-01,-7.9746701496334327e-01,1.0554757347103387e+00,-1.4588998159869799e+00,2.2395899516811162e+00,-4.5412217970334288e+00,2.3332500864691439e-14,4.5351304202646290e+00,-2.2130564390481045e+00,1.3891661355079366e+00,-8.9480522666322360e-01,3.4070956954611731e-01},
{-1.5315982617935450e-01,3.8774270942187389e-01,-5.4536804745049594e-01,7.0830941740845144e-01,-9.0803527197779621e-01,1.1871221785866184e+00,-1.6347468966952541e+00,2.5105003512725048e+00,-5.1007841560246909e+00,7.6433002415675961e-15,5.0849557030655612e+00,-2.4390467767087829e+00,1.4310297221351287e+00,-5.2851910685377423e-01},
{1.5157503303462352e-01,-3.8268425578884019e-01,5.3458861553890147e-01,-6.8599470552490882e-01,8.6236470105994123e-01,-1.0920131029771121e+00,1.4234161812380632e+00,-1.9640814389985271e+00,3.0304534027398051e+00,-6.1909191054119717e+00,4.2815605763825051e-14,6.1437150940127472e+00,-2.7969381816812082e+00,9.6651776275843770e-01},
{-1.6437064714463742e-01,4.1425855518106453e-01,-5.7616892465511549e-01,7.3375344314062885e-01,-9.1135607121618223e-01,1.1325281260796793e+00,-1.4321980886146233e+00,1.8756235373162551e+00,-2.6109572123450384e+00,4.0758531753468503e+00,-8.4326002703266258e+00,3.1468862065747269e-13,8.2179801814283664e+00,-2.3223458041909311e+00},
{2.0688462995775855e-01,-5.2086857591575630e-01,7.2260595248550163e-01,-9.1622278960156245e-01,1.1302436894620145e+00,-1.3899751754722769e+00,1.7296247259131929e+00,-2.2066510872778258e+00,2.9336218244933985e+00,-4.1713545440669515e+00,6.6964304499033966e+00,-1.4334915530983691e+01,-1.5188699974494984e-12,1.0120576431104309e+01},
{-4.9999999999996414e-01,1.2583122252322401e+00,-1.7438715911434981e+00,2.2072338895180375e+00,-2.7153980647634959e+00,3.3256852669449399e+00,-4.1125259021186373e+00,5.1953256708999698e+00,-6.7939154318676236e+00,9.3702101637313433e+00,-1.4074420556411944e+01,2.4638662334739699e+01,-6.1555298004762179e+01,4.5500000000001094e+01}
};
#endif
#if p_Nq==15
const dfloat c_D[15][15] = {
{-5.2499999999999503e+01,7.1025584977635702e+01,-2.8430333914487750e+01,1.6242613387703951e+01,-1.0817738459771013e+01,7.8498928200300551e+00,-6.0125919781595689e+00,4.7738927738927801e+00,-3.8817963218477405e+00,3.2013285575532442e+00,-2.6517922753993353e+00,2.1780637164430607e+00,-1.7331637450601340e+00,1.2560404614662843e+00,-4.9999999999999328e-01},
{-1.1656649828920836e+01,-3.0973954072889703e-13,1.6510893507817848e+01,-7.7137928598314840e+00,4.8067034723978663e+00,-3.3830564447050584e+00,2.5486857139498111e+00,-2.0036144174072570e+00,1.6188710359913379e+00,-1.3294324744833463e+00,1.0980416874888457e+00,-9.0010721427115248e-01,7.1532038884579696e-01,-5.1800270404768323e-01,2.0614013717562243e-01},
{2.6634359393254572e+00,-9.4247956055453219e+00,-3.4889804215834692e-13,9.6712350497202735e+00,-4.6756927618573956e+00,2.9971639025755112e+00,-2.1560913466197076e+00,1.6508943356566568e+00,-1.3122025610936807e+00,1.0660897088580263e+00,-8.7419511033728625e-01,7.1312438715965110e-01,-5.6491938037106137e-01,4.0832123677369347e-01,-1.6236779424446920e-01},
{-1.1009158403953041e+00,3.1857174536369302e+00,-6.9971286140124658e+00,8.6128649857645681e-14,7.0512552567998945e+00,-3.4531748921914587e+00,2.2406434061923317e+00,-1.6278018041925912e+00,1.2547522804224820e+00,-9.9989233624645091e-01,8.0956933016297650e-01,-6.5486195913500078e-01,5.1594476083892382e-01,-3.7173506143523849e-01,1.4762801955488836e-01},
{5.9625146648997274e-01,-1.6142893556236173e+00,2.7509243901299434e+00,-5.7340464409862664e+00,8.2956264835004356e-14,5.7523693258033139e+00,-2.8334605937231103e+00,1.8486943064097381e+00,-1.3480866210654721e+00,1.0397662742044902e+00,-8.2473790734433738e-01,6.5833783734832141e-01,-5.1432905737028345e-01,3.6876770500261058e-01,-1.4616132927538947e-01},
{-3.7952146307446921e-01,9.9660469184521672e-01,-1.5467595736419955e+00,2.4631619984965529e+00,-5.0457577203457058e+00,4.6643187819239236e-14,5.0532003618547936e+00,-2.4954588171632026e+00,1.6310608760501484e+00,-1.1886703887035377e+00,9.1204309185931975e-01,-7.1322677886933228e-01,5.5018161072884375e-01,-3.9163361983958905e-01,1.5477573080291113e-01},
{2.7014111448841305e-01,-6.9772825089203139e-01,1.0340363728229327e+00,-1.4852634222260717e+00,2.3096870978322190e+00,-4.6959434483540257e+00,-2.3474738833012281e-14,4.6987710511280198e+00,-2.3217590740572165e+00,1.5157462768689582e+00,-1.0988888577920337e+00,8.3174219553000439e-01,-6.2931711071032814e-01,4.4318216647101366e-01,-1.7440611110982815e-01},
{-2.0947265624999845e-01,5.3568550729024011e-01,-7.7323884254988728e-01,1.0537995090498202e+00,-1.4717254517469505e+00,2.2648136419046354e+00,-4.5889149646249532e+00,-9.9473797194494615e-15,4.5889149646249754e+00,-2.2648136419046478e+00,1.4717254517469454e+00,-1.0537995090498089e+00,7.7323884254988018e-01,-5.3568550729023989e-01,2.0947265624999648e-01},
{1.7440611110982887e-01,-4.4318216647101288e-01,6.2931711071033170e-01,-8.3174219553000994e-01,1.0988888577920330e+00,-1.5157462768689440e+00,2.3217590740571938e+00,-4.6987710511279985e+00,-7.4823949877044096e-15,4.6959434483540425e+00,-2.3096870978322026e+00,1.4852634222260486e+00,-1.0340363728229214e+00,6.9772825089202783e-01,-2.7014111448840850e-01},
{-1.5477573080291179e-01,3.9163361983958872e-01,-5.5018161072884719e-01,7.1322677886933816e-01,-9.1204309185931998e-01,1.1886703887035317e+00,-1.6310608760501362e+00,2.4954588171632004e+00,-5.0532003618548265e+00,8.2059927808447905e-15,5.0457577203456649e+00,-2.4631619984965156e+00,1.5467595736419757e+00,-9.9660469184520950e-01,3.7952146307446327e-01},
{1.4616132927539172e-01,-3.6876770500261219e-01,5.1432905737028767e-01,-6.5833783734833051e-01,8.2473790734434305e-01,-1.0397662742044917e+00,1.3480866210654736e+00,-1.8486943064097485e+00,2.8334605937231387e+00,-5.7523693258033477e+00,-5.1164604142702518e-14,5.7340464409862157e+00,-2.7509243901299216e+00,1.6142893556236204e+00,-5.9625146648996918e-01},
{-1.4762801955488980e-01,3.7173506143524288e-01,-5.1594476083893182e-01,6.5486195913501777e-01,-8.0956933016299037e-01,9.9989233624645957e-01,-1.2547522804224915e+00,1.6278018041926134e+00,-2.2406434061923672e+00,3.4531748921915058e+00,-7.0512552567999380e+00,3.6880965326650845e-15,6.9971286140124329e+00,-3.1857174536369581e+00,1.1009158403953050e+00},
{1.6236779424447070e-01,-4.0832123677369409e-01,5.6491938037106748e-01,-7.1312438715966342e-01,8.7419511033729291e-01,-1.0660897088580290e+00,1.3122025610936847e+00,-1.6508943356566692e+00,2.1560913466197325e+00,-2.9971639025755321e+00,4.6756927618573956e+00,-9.6712350497201527e+00,9.3984853456250551e-14,9.4247956055454711e+00,-2.6634359393254674e+00},
{-2.0614013717562407e-01,5.1800270404768389e-01,-7.1532038884580218e-01,9.0010721427115681e-01,-1.0980416874888448e+00,1.3294324744833466e+00,-1.6188710359913330e+00,2.0036144174072690e+00,-2.5486857139498356e+00,3.3830564447050699e+00,-4.8067034723978388e+00,7.7137928598313898e+00,-1.6510893507817908e+01,6.1267363004859400e-13,1.1656649828920663e+01},
{5.0000000000001521e-01,-1.2560404614663159e+00,1.7331637450601609e+00,-2.1780637164430914e+00,2.6517922753993757e+00,-3.2013285575533033e+00,3.8817963218477902e+00,-4.7738927738928041e+00,6.0125919781595885e+00,-7.8498928200300648e+00,1.0817738459770998e+01,-1.6242613387703866e+01,2.8430333914487914e+01,-7.1025584977635759e+01,5.2499999999999353e+01}
};
#endif
#if p_Nq==16
const dfloat c_D[16][16] = {
{-5.9999999999999169e+01,8.1172291878839616e+01,-3.2492702766930044e+01,1.8565310030047513e+01,-1.2367876560469639e+01,8.9798069441142232e+00,-6.8855881323622494e+00,5.4779673583689403e+00,-4.4699790224085811e+00,3.7090060044950350e+00,-3.1055872357642631e+00,2.6018173606938033e+00,-2.1548061818690734e+00,1.7245399104452936e+00,-1.2541995872014395e+00,5.0000000000003808e-01},
{-1.3302477156026818e+01,-1.0182422209087289e-12,1.8842313557952892e+01,-8.8037164986112444e+00,5.4871456137546630e+00,-3.8640082083387188e+00,2.9140831466359827e+00,-2.2953195988987041e+00,1.8609608069995398e+00,-1.5374769731932945e+00,1.2834886221155055e+00,-1.0730306117920010e+00,8.8737893756688513e-01,-7.0949756016393117e-01,5.1569356263691446e-01,-2.0553764063666008e-01},
{3.0289889685454665e+00,-1.0718187917826420e+01,1.3312002949763858e-13,1.0998685988182309e+01,-5.3183752749304531e+00,3.4106521028614960e+00,-2.4558686098609122e+00,1.8838354166751783e+00,-1.5022723812057286e+00,1.2276364196530318e+00,-1.0171957939361145e+00,8.4599577318459263e-01,-6.9711899812704625e-01,5.5604949240839041e-01,-4.0358781599126209e-01,1.6076263036734131e-01},
{-1.2451043509090209e+00,3.6028392047494906e+00,-7.9128419979584308e+00,-4.7689075003293083e-14,7.9743343599753658e+00,-3.9064550145002546e+00,2.5367284561334400e+00,-1.8458444830479495e+00,1.4271154867329960e+00,-1.1435035408626564e+00,9.3514254717181589e-01,-7.7082221146583929e-01,6.3130652183528313e-01,-5.0153195498819603e-01,3.6315158788215846e-01,-1.4451461074815494e-01},
{6.6914015624927647e-01,-1.8115224611251783e+00,3.0866620062369012e+00,-6.4329895837645017e+00,6.8249418960749926e-14,6.4538991410478079e+00,-3.1807121140638390e+00,2.0779335644079229e+00,-1.5192362549500391e+00,1.1776556059447711e+00,-9.4292605907207039e-01,7.6641425240935002e-01,-6.2183136967300978e-01,4.9099638057413664e-01,-3.5424958467724255e-01,1.4076632045564361e-01},
{-4.2160638816901624e-01,1.1070150102570779e+00,-1.7177729167548155e+00,2.7347615524263325e+00,-5.6006754343548844e+00,5.3251181198121769e-14,5.6094094150195319e+00,-2.7725664898139732e+00,1.8160098943762011e+00,-1.3292376635404863e+00,1.0286808103806195e+00,-8.1826856913053003e-01,6.5465796343507154e-01,-5.1231006070491114e-01,3.6771173702731913e-01,-1.4580886045358576e-01},
{2.9624603255148141e-01,-7.6504807568942523e-01,1.1334562867331477e+00,-1.6273536316343722e+00,2.5293790256753970e+00,-5.1402998998428906e+00,-2.2098632438482741e-14,5.1440780056144808e+00,-2.5454416129303494e+00,1.6676090386447240e+00,-1.2180747959793492e+00,9.3650015541328879e-01,-7.3357660159100369e-01,5.6659066046577022e-01,-4.0364112503659549e-01,1.5957653760571547e-01},
{-2.2603540502092723e-01,5.7793032275235867e-01,-8.3385038510779441e-01,1.1356606899079085e+00,-1.5847718082544773e+00,2.4366817870573292e+00,-4.9334766192776627e+00,-1.3478307097274097e-14,4.9345543127241243e+00,-2.4412298315503858e+00,1.5960079770852602e+00,-1.1586716862186701e+00,8.7803656977927114e-01,-6.6495745462521183e-01,4.6856467410236163e-01,-1.8444314335346795e-01},
{1.8444314335345263e-01,-4.6856467410236352e-01,6.6495745462524136e-01,-8.7803656977929778e-01,1.1586716862186917e+00,-1.5960079770852715e+00,2.4412298315504004e+00,-4.9345543127241429e+00,3.5373668523006665e-14,4.9334766192776511e+00,-2.4366817870573225e+00,1.5847718082544531e+00,-1.1356606899078798e+00,8.3385038510776155e-01,-5.7793032275235967e-01,2.2603540502094674e-01},
{-1.5957653760570170e-01,4.0364112503659638e-01,-5.6659066046579409e-01,7.3357660159102589e-01,-9.3650015541330822e-01,1.2180747959793565e+00,-1.6676090386447291e+00,2.5454416129303579e+00,-5.1440780056144710e+00,-8.9117089524924928e-15,5.1402998998428950e+00,-2.5293790256753614e+00,1.6273536316343327e+00,-1.1334562867331028e+00,7.6504807568942612e-01,-2.9624603255150711e-01},
{1.4580886045357477e-01,-3.6771173702732118e-01,5.1231006070493657e-01,-6.5465796343509208e-01,8.1826856913054780e-01,-1.0286808103806324e+00,1.3292376635404979e+00,-1.8160098943762173e+00,2.7725664898139835e+00,-5.6094094150195684e+00,2.2397279203178420e-14,5.6006754343548089e+00,-2.7347615524262672e+00,1.7177729167547482e+00,-1.1070150102570790e+00,4.2160638816905388e-01},
{-1.4076632045563489e-01,3.5424958467724871e-01,-4.9099638057416478e-01,6.2183136967303854e-01,-7.6641425240937566e-01,9.4292605907209204e-01,-1.1776556059447953e+00,1.5192362549500680e+00,-2.0779335644079544e+00,3.1807121140638959e+00,-6.4538991410478683e+00,1.3330350889608622e-14,6.4329895837644102e+00,-3.0866620062368142e+00,1.8115224611251970e+00,-6.6914015624934564e-01},
{1.4451461074814684e-01,-3.6315158788216578e-01,5.0153195498822956e-01,-6.3130652183532066e-01,7.7082221146587315e-01,-9.3514254717184764e-01,1.1435035408626866e+00,-1.4271154867330380e+00,1.8458444830479912e+00,-2.5367284561335017e+00,3.9064550145003198e+00,-7.9743343599754057e+00,1.0887561021977135e-13,7.9128419979582922e+00,-3.6028392047495452e+00,1.2451043509091617e+00},
{-1.6076263036733185e-01,4.0358781599127275e-01,-5.5604949240843304e-01,6.9711899812709999e-01,-8.4599577318463814e-01,1.0171957939361578e+00,-1.2276364196530922e+00,1.5022723812057872e+00,-1.8838354166752422e+00,2.4558686098610112e+00,-3.4106521028615986e+00,5.3183752749305508e+00,-1.0998685988182448e+01,2.0967572861871076e-13,1.0718187917826546e+01,-3.0289889685458564e+00},
{2.0553764063664112e-01,-5.1569356263691568e-01,7.0949756016396959e-01,-8.8737893756690656e-01,1.0730306117920103e+00,-1.2834886221155033e+00,1.5374769731933018e+00,-1.8609608069995325e+00,2.2953195988986725e+00,-2.9140831466359418e+00,3.8640082083386620e+00,-5.4871456137544978e+00,8.8037164986108483e+00,-1.8842313557951474e+01,-2.3209598821704476e-12,1.3302477156029020e+01},
{-4.9999999999994216e-01,1.2541995872013239e+00,-1.7245399104452124e+00,2.1548061818689170e+00,-2.6018173606936124e+00,3.1055872357640313e+00,-3.7090060044947024e+00,4.4699790224082143e+00,-5.4779673583684430e+00,6.8855881323616410e+00,-8.9798069441133848e+00,1.2367876560468378e+01,-1.8565310030045431e+01,3.2492702766926080e+01,-8.1172291878839744e+01,6.0000000000001982e+01}
};
#endif
